27.8014719254947 159.05791945812
52.7766988133656 136.596273085273
-28.3600371017376 159.458880533251
132.301093731218 -52.6013333260288
-32.3418996044609 -151.997880884959
-143.658581598592 42.0559763377506
62.7878797934681 125.979966202223
-56.8346446787117 131.276307435875
-47.3386051905412 -139.654367528461
86.3310229952386 -86.4425870426768
91.7559503379332 -84.8244213567365
158.721645125892 -24.0257079106022
-32.730627891901 155.589432575236
56.2654924982803 -128.866988352128
-42.5974022662776 -144.090994472846
147.696143798828 40.1020258326614
27.8014719254947 159.05791945812
88.5570383365914 -97.2963741190548
66.315259943527 123.002693064021
-121.714841652649 65.7136386003698
-84.9231916947553 -84.8685770032959
19.7734911105307 164.834448285263
-142.779882806371 -43.0276068885821
85.3623896751583 -82.0210097570677
-75.4348849358822 -112.222154432467
-34.0293673823703 152.514184682176
33.0728791426847 -151.159952137263
148.782825556746 40.2329310274068
32.2307185926911 -150.721119456397
-56.1043324234955 -131.764523270016
-87.0844381794544 90.1079218070202
-85.7217118409341 -89.3390792203016
-88.5222128649089 -88.1767933784369
-139.064742781956 48.32092455039
-83.7820728450033 -83.2504853921358
-50.477206449694 -137.135315587804
-80.4739872192456 81.9313251066221
26.3953687713203 160.885817233822
-116.368160604715 71.2026849773082
89.4822159227744 -87.2744551183774
51.5299279106694 -134.387864367287
-86.1649741330017 -84.3884245406942
-149.525545341715 -36.0157421260911
103.441078257222 -82.9675154371154
45.1107927123427 144.374423251961
86.7192728531354 88.8645639266
117.721563776093 72.1184049513794
-37.6032167837199 151.029416379829
85.7396145160667 -100.764543280232
144.102760533691 45.2997005703695
-105.747492663661 81.8862314904661
82.9306287286204 89.2836567689394
-74.7370558006485 74.4088575064565
-153.650618489903 -31.2859126250408
-150.601553450019 -32.7307656038976
129.717237647267 -55.8197755558626
40.3037024303441 148.81821467056
78.1441870165658 -77.734231161756
137.402477775539 -48.3168772395916
-60.7415024760505 -126.293611796088
28.0216690311802 -155.552315942922
51.5299279106694 -134.387864367287
91.8101720074969 -88.8012232476157
157.23108195541 30.367996095336
-73.2979318515376 114.966408039993
97.4750454784468 90.1119517252534
41.3046035632201 -144.125029339876
157.23108195541 30.367996095336
86.3639397414413 -82.8851033026782
161.422034075616 25.5441281163549
82.4650813697849 -83.9041127961986
-78.8979995112485 -79.5330157049578
78.8271019980648 80.7160136941689
74.6768637059398 -111.907426409285
-133.777869049129 54.0127775635754
69.5189803410723 -69.9183058355161
90.2625778166874 -90.9212886008053
69.9547678864489 -67.8876736958716
73.7182813854908 -72.6180732747271
-88.0174497360424 -86.0475348441321
135.866874565206 54.3379218758596
88.5570383365914 -97.2963741190548
-82.9459135279835 81.7638305793646
-154.024587405968 30.8454959903989
76.9585830446351 -77.656946576521
71.3181074089586 75.7371286524397
81.2045409364544 84.5985450137495
32.0251550050142 154.300015052379
84.1575592428676 -82.4649662751583
126.95153060885 -58.1819552113502
33.6535084397766 155.339857277186
-61.5319988900426 -126.513958510548
51.5299279106694 -134.387864367287
-121.952869279054 -64.0732778294501
-153.650618489903 -31.2859126250408
86.0612363527323 -92.3262443731963
129.717237647267 -55.8197755558626
160.733199733129 -20.6756045881802
153.219234355015 35.1428321419706
-85.5366381825596 88.2725621764626
-150.077749693551 36.7404529829257
-86.4363212690454 -95.5691421090367
84.3601671795083 87.8198760839868
79.8143744235016 79.5340712996656
90.8407051516333 99.6038121124745
41.3046035632201 -144.125029339876
-84.9164898084419 86.0643155231661
150.131160929296 -35.2273594459707
79.431987821519 -80.2985155553643
-46.6957425625908 -139.152493797786
-73.2979318515376 114.966408039993
82.2558776416565 85.7718951648669
95.0036965201512 89.2006260516248
-145.32091173888 -40.9176529044781
97.9104654558241 -86.6701223234308
78.4657982203423 78.2012662237979
38.2199028075101 151.300900587733
-126.007260939614 62.6889031973467
-86.3322064355426 89.2136349137474
-89.6236059684857 91.8233905090602
-56.2670760177062 132.718157429063
99.2568628056351 91.321371407183
76.7445327383576 83.0950134681343
-77.3547604574608 112.329751471539
-86.3827467185486 -91.9624738205851
-140.830174957925 -45.7525152455769
158.721645125892 -24.0257079106022
-95.311207514452 -91.1852241515189
-101.58777737219 -85.5123197406563
103.441078257222 -82.9675154371154
62.7878797934681 125.979966202223
-68.2529194168876 121.021441670269
42.5878204375155 147.393584603638
-69.1667840163696 70.5301820856911
-89.8691499456046 -84.1798566315373
-91.5911862687655 91.9889471493497
-39.3906620969913 -148.961376596233
67.2192012559293 -66.8442987258019
64.0356012931558 125.697512554185
141.632746042442 48.3346528567965
-75.698403516644 -74.5798433604945
153.219234355015 35.1428321419706
-90.3161729546131 94.8475123307539
-123.209281029063 66.1180526058697
-134.011630611814 54.7617992214371
-114.385126376899 -73.5590020505181
-83.8481817753526 -79.8981968161096
-81.1515136595327 106.423859738117
74.2499527187211 -73.8558170450151
79.2583697466095 -82.7548490836663
-67.8368501949325 -66.673176437128
-94.8874325582873 -92.8996100079159
-30.4727449107437 153.918329624263
-130.088217450386 -56.0676118760078
63.7934575512196 127.503870487662
-68.0115524993742 70.1712352329564
-155.827174382467 27.9195119966152
-89.7632300924612 97.7295369841705
-151.447397907373 -35.4312835507309
-126.007260939614 62.6889031973467
-90.994975652656 86.2333862809086
148.782825556746 40.2329310274068
89.4822159227744 -87.2744551183774
82.6076611708782 94.8881488057635
-77.7675876576737 -80.6293361840531
79.2925698766282 -78.9069991983715
143.911849528726 46.5219692562492
-152.334313470785 34.8586187124677
-88.1917981999336 95.0957168576782
-133.631249879797 -53.9377776754903
91.0928627865305 -88.3409053196911
148.758146845367 37.0977300450002
92.4648332232679 -89.2411832199438
45.7607516280917 -137.374125483263
63.4659463251975 64.4680359988292
151.668719196889 -35.3348547485904
-83.5415854169342 -88.545981025895
155.793470921903 -28.1231468020755
159.14700709359 -20.3517298240902
130.945693166356 60.9952860513259
63.4659463251975 64.4680359988292
147.789110572755 43.7623991121836
73.7439843428679 -111.833775223213
27.5025132030205 -156.819490149251
-53.0541358772987 39.6903806898564
-90.0305008954413 94.024481377108
-143.504594380063 40.0306886399587
75.9300405307668 -80.0034717741427
105.628125802993 85.128409739756
151.555139304341 37.761482388815
82.2558776416565 85.7718951648669
132.055149929041 -55.0133434968457
-29.477167106898 156.516745852473
92.1913085296264 83.7435574856159
-67.4758708937345 71.2334923594
-66.3786051258159 -120.781535440853
103.441078257222 -82.9675154371154
79.856039195356 87.1701162941512
99.4774855771152 88.748175502736
-94.8874325582873 -92.8996100079159
86.515780480988 105.089664039278
82.0656098035679 -85.2155546343557
-81.2369766126229 -85.3524856868034
118.181504636337 73.4387703783777
-80.6712282832508 -86.5662619601327
128.867841850899 -58.7798355478777
-142.217813985648 46.7340176853896
-40.6781897253846 148.679779821646
-50.477206449694 -137.135315587804
53.5788711667645 3.91772251302367
-84.3976674837896 -97.0192173574563
-62.8034415635934 65.011523628601
-62.8034415635934 65.011523628601
79.4955138632426 -81.5114477939199
-76.9896983532683 -82.2569058799736
-68.3188550539221 68.0224552526247
-60.6374363944907 -128.520247487008
78.8133373219537 111.550139302529
-132.506189339436 56.8392117742876
-140.146420310763 -45.2602829811819
102.21963717372 -82.6542393124094
155.712887266151 32.9271977041106
62.4811098169837 -61.6621177833284
132.055149929041 -55.0133434968457
23.1245818972483 55.1492334308772
135.352506576526 -51.1160924376697
-25.3141238118986 161.378641505111
66.9115275651072 -65.7060610798109
61.9452724681155 128.223335635356
-72.7100772093373 -76.4037847105932
-71.3148346487626 118.424644412664
82.4650813697849 -83.9041127961986
-73.5373424908546 116.6796365232
-145.32091173888 -40.9176529044781
-62.3890459602411 -122.845112575641
-99.7054688741487 -87.8815744020813
113.392824727992 -71.5921628379372
90.4718635097854 -81.0739092687016
-82.4892335716293 -80.9891173541374
137.402477775539 -48.3168772395916
-89.0788761709732 -97.830048857207
66.7943043950123 -120.596345754363
-38.5377977798488 152.119925694928
-151.423934494968 36.5583045045326
88.9122342838882 92.4495457337275
-68.3188550539221 68.0224552526247
-80.1236196169591 92.0000317155949
-84.8903999712768 -83.6829091737032
51.8165496336961 136.474569345044
27.606082925686 158.032591915268
-97.4712514863766 91.6119671207982
100.006938311567 84.8609236268081
81.8667410325927 96.1599306177807
93.789011124607 84.4196336258246
151.948116298044 -32.6026644072456
144.102760533691 45.2997005703695
-146.859910085348 41.8410092566572
24.0778935412305 -159.139890089326
85.6173378676253 87.4237288548576
-53.1837254909221 -35.3431919755645
143.100328012508 42.9303259186436
119.727860644158 -64.0988762187714
-57.9658349130425 59.0834837499341
-76.205926869564 75.8325789776109
154.696743580549 28.2628347572895
-80.5598915258321 -87.9746165013819
45.1107927123427 144.374423251961
132.318296558286 -50.6887822444853
42.5878204375155 147.393584603638
159.371803825386 28.6090490621609
33.6535084397766 155.339857277186
-35.418931880249 156.142564698408
90.4839741398553 100.669065437484
-27.1609542485115 54.32966821187
-127.010164348453 -61.4324811573642
80.2775488839737 93.3850352737755
157.329367991474 -27.8646321418832
12.6613031432884 -52.8375576794479
38.132083769487 152.731908337959
-50.477206449694 -137.135315587804
138.563581193817 50.2427195581626
81.516936666692 99.6137299922657
-82.0485626531675 -96.3327353939976
135.866874565206 54.3379218758596
135.304072926071 57.8130079453222
61.2437490180797 61.3038893585865
55.0149328562699 133.938906384572
-56.2670760177062 132.718157429063
-82.7752457668335 -87.4839935776921
-74.1362248881926 -115.10288127355
-61.5747886040585 -61.7750979037217
-151.591248608401 -36.6291761883817
-88.9920850268133 -79.6134955281734
-84.8297483281068 95.615218361877
80.5017755875019 -100.744306352178
-78.8096423283836 85.4766007604461
-67.2932476096359 -120.884720168522
47.8363376929482 54.8568267181053
-73.2979318515376 114.966408039993
78.4625140761485 -72.1508793874667
99.2568628056351 91.321371407183
50.1298214030427 -138.190181621584
48.1886173583981 143.221674005723
82.2243738609767 79.6410615838919
123.883259626843 62.9244820471289
-147.028357375964 -39.9604656387449
80.4819000198373 -97.7135545783608
64.1039999722721 -124.502075813031
77.7049060560123 -88.4395223906141
70.5142262414416 73.2857207235423
37.0287333483657 -146.398143126095
45.4658386557096 54.9029367344559
-81.0071508019573 -74.2413172380133
56.3183940508 133.674642537117
-96.5325132975756 82.3853057897428
-22.9072352361281 -52.1160429797859
156.319751652462 35.7937842405248
-69.76020452987 -65.3504486377561
31.5997560701684 54.8529679066442
34.9599574473497 -150.651617181857
-80.5641460384929 79.6651090876118
53.0210346912812 -22.0093383131508
24.9435320306338 54.8120382248523
80.8906487854978 -88.116215775075
-25.1061916055864 160.240158027607
-74.5453814056285 79.1832631473435
-78.4627064168984 90.1527609035212
84.4906803449975 -77.5429999040543
124.677828062756 -59.0741604959457
-14.6097755420027 54.5435183404661
-103.927179499106 -84.3002874067084
69.1557577309987 -117.329714444056
101.386059165895 84.410465161461
84.7773484754617 108.17010402246
89.4144098965057 -98.0303419134322
-87.5881203461022 -79.3637118175745
141.632746042442 48.3346528567965
75.5331889107512 84.1060984803808
104.131395308198 81.8212329371553
-79.7788910536323 -90.1869687439978
62.6811011158393 -63.6369531874135
94.6033222981441 -92.5512196413142
58.3934798153197 59.848946102038
34.7400880505038 55.7824694692647
47.8363376929482 54.8568267181053
-137.098196239302 -52.1997549854745
-41.4085972226376 146.371431139035
131.779274409964 -50.1500899894683
53.0266468534689 -47.9005064602034
79.5982105632055 -96.674673875832
-52.7333857435277 5.03165862237878
93.7886766043009 93.5104891571302
-73.2530819434801 -67.6827946395729
-48.9989056523407 -139.045921612165
-72.4139140548331 -70.3804707626095
-53.2804513655349 9.27134836142141
31.528463773591 55.6675448304003
52.983439412991 -29.1124003229211
40.2575300682418 150.208405779703
33.2250704100819 54.4373828615802
52.3627312595353 49.3214068225591
-52.7549587554331 -30.7147096295497
72.9909956896056 117.354522102179
71.967727411051 71.0737192260467
120.63016425565 70.5048758630068
-89.505500436719 -85.5552828423103
-68.9984148027874 67.0967241497914
-42.5974022662776 -144.090994472846
88.6364539807358 -86.5994740718892
83.0131545083023 97.7198068784022
-6.8773324445893 54.468157092512
-8.2709244575201 55.2083169156575
-73.0190701328779 -111.095692433129
-23.5839985248035 163.445953381679
141.902761605153 51.999691852505
28.1140963251699 55.6104024597521
-63.7071009627132 -127.540669692832
95.2949771619059 83.2416123304145
69.6117925744886 117.453705415151
-80.7618650206539 96.4145213824625
-77.909888945707 -85.3060784299014
67.9095305354976 125.18854765122
87.1420962654178 -77.9789149850307
89.5663567500203 80.3165830338674
78.6318026253132 105.75249874386
131.779274409964 -50.1500899894683
-42.5883279144905 -51.5987862570701
85.5106456759305 -80.7391324832964
-53.1263565060087 -25.7471308000462
66.494903781008 -69.3367082588839
34.8066072384785 53.9858741401393
-130.880113265133 57.5764031212063
77.5354281701099 86.913531542524
82.0479158589883 -81.4035972196023
53.4591172056835 32.8060239152598
-71.2831700904129 -75.6294081366652
152.295827919813 -35.6698956511998
-80.555512034518 -97.1055401749773
92.8077219221513 93.6189288984491
41.6181685822246 54.3417493276882
78.2614128584843 -96.0182551970279
76.9585830446351 -77.656946576521
-56.6840787973549 60.3274370684603
158.119515528256 -23.5972077577141
-138.625524615164 53.1810277222159
71.9277079604438 121.507308706965
81.0986971358177 -94.8133564807943
112.768805371677 74.2213476752289
-95.285007349681 94.8185366996441
-88.5157506738344 89.4395243839477
-132.480386293116 -56.9223768333718
39.6405003550409 153.346477770927
-99.4433266007512 -82.1733104942584
-112.111330619496 -76.9824960746877
-53.2804513655349 9.27134836142141
-70.2711251986218 78.3219936082567
-72.8581404539884 -79.5664619212832
-72.7100772093373 -76.4037847105932
92.3548080826191 85.9558807400199
155.793470921903 -28.1231468020755
-62.1721810965084 63.5907031746501
78.0140487172361 -90.7804153306831
36.9214571057471 156.398727035289
47.5947125993586 141.50244375293
-33.5416452995441 -149.229766278515
-52.7146724401833 -20.0014136884646
-72.8581404539884 -79.5664619212832
54.0625881064679 -16.4084066724113
142.481093688651 -47.2067337160264
-59.4252930017122 127.173237389623
-64.4411156771175 -63.2758369862395
103.123655071412 90.1792982706052
-40.6074206409768 -53.7935928767243
-78.5317086196343 -109.568073558866
78.0140487172361 -90.7804153306831
52.1645802390092 36.4990984009757
-92.8042747501102 92.8670926323667
-81.8834667975115 91.0952950419307
-60.6374363944907 -128.520247487008
124.00819929274 66.6402405539834
-78.4821735619109 86.5195495372627
-83.6270487852541 -82.0550369764812
85.6360520827669 88.5638297670004
4.96836221906766 54.3618412193853
-58.6232624775937 58.4061988822998
140.796982285153 44.3281472172767
-26.2603067716794 -52.8977495341514
-55.531505968122 55.8406522051345
-145.881586905837 36.1627418371618
76.6054330613245 -88.5083788512503
-75.4625808890649 78.0191617684207
64.3363460380279 62.9856066400848
-84.137262209977 78.7916656093598
-145.907454588858 40.1374233883985
-100.554205069346 90.4430214784414
-146.905189512692 -43.7707398459666
93.8629506691358 -78.2692694001999
-78.1688088828734 -75.1433349995572
75.414636902614 79.1226874794815
80.2107148340879 91.7228271147245
40.2575300682418 150.208405779703
-44.3751473494195 54.7462223048602
74.6768637059398 -111.907426409285
118.927431267888 -65.9488307371999
-52.3859375591035 32.0725131932306
115.605988001356 -74.5079128592686
-52.3859375591035 32.0725131932306
34.3282356696219 -154.61156798124
-63.621781877393 129.784796924904
-53.703361293202 -136.399343310446
-90.3678738353759 -81.4798880935281
80.1878197210582 -92.6118215363759
81.2195734101061 75.4092608636241
135.866874565206 54.3379218758596
70.8576207777547 72.5443418507623
-96.4787582464638 83.388075926639
143.014384647134 -38.2020657642763
-33.8757932682693 -146.743279094105
40.5608252502333 -51.6044362847553
-60.4223965694655 64.1779701857781
-82.2149919315391 -88.8884641043506
-83.6582475144437 102.776749759122
-69.0844750201919 -114.767168306562
98.1909374104 -77.923882095563
-46.0111419410631 -145.783098465462
66.627193690841 -64.5720468871608
149.647730982934 -34.4449695015913
84.1159189665145 100.866076469925
-65.6468608784637 71.5198418309631
-151.180852200088 -27.8271898105028
100.739862665637 -77.4906237434501
146.364883175986 45.9988202870072
56.3661900897045 55.7055081600528
62.5858841366001 131.676414754905
-57.4493164434289 -59.5685522940057
134.791432722224 54.4517682952166
-71.1360800992076 -69.9676976255231
75.9300405307668 -80.0034717741427
31.4280519842721 -153.224269080458
28.6012799500647 -150.378501534933
66.4181008494538 65.8613988720548
-148.144723913684 39.6791835787606
25.6908409674222 162.256517693874
-135.453208208124 48.2954705975432
71.3181074089586 75.7371286524397
32.3598514231929 161.340463411205
142.304530145534 -48.09575652494
158.263100693653 37.0691945690668
-75.7304914113614 72.5979852353211
-80.5598915258321 -87.9746165013819
-40.5803559760457 153.648169164312
-79.3187926602983 103.086143355679
151.458501494392 -38.5793480750959
53.6111842620678 19.0862831776213
129.926159744808 61.2785790004437
-64.5540293948522 66.7092451705159
154.753889850109 -35.6381996833242
-52.5642159674777 38.0138427807325
-21.4363958474536 -51.7737081786525
148.523687694631 -41.0929985475383
45.7085345069017 -52.2711989925233
79.865069629195 74.3047626805584
67.4260041683757 122.858314887567
-143.882097830709 -47.0888704405216
-83.8194996743971 -75.529235684707
31.5960012229551 -53.0293741392369
86.566835218276 -94.367832956603
17.2524557946326 -52.1824516232925
72.9820004610411 114.498517301696
85.4881491265066 -85.5834378847292
53.8535897969544 31.0908365195632
135.914641118028 49.0807951914525
-104.01292583595 79.5995551380825
52.3208755657568 -44.6431003769009
111.513633640266 -78.4924502679872
54.2451116476294 3.59420911316347
-53.6532192224279 -36.7713966263797
46.1691530077505 147.772548646736
-27.8113594408922 158.60582912483
107.503790810048 84.8956394824761
-57.5711645682497 55.8709131528928
148.823022118892 -38.9194345247911
135.78156469262 -54.9539399762122
61.3803207223625 -129.203238548137
121.874457431608 73.0753427571647
-86.5010233828148 -96.5539150347684
-139.489661220427 -50.4450821549534
73.7182813854908 -72.6180732747271
-89.9195659801089 96.9372499596737
-42.2303636743715 152.981268876148
61.1014050218036 125.23923633328
52.2317938313371 30.7373471852943
101.792839229546 79.8753642711875
107.95088038409 85.113205949532
-82.7695629038395 -108.252471623847
55.0933196033484 40.7019627235197
78.398795131157 89.628959753701
55.4984363063397 136.798619688878
132.949393719314 -58.3136697879046
94.2995025905774 98.604267102855
-39.5879955135159 145.905077269064
-75.9099311115003 -81.0671053097941
105.351120363192 79.8700680544341
-60.1234545703048 -123.225680802231
76.9338596944486 -97.784777242683
80.1716586426709 100.116383608832
79.73566934269 -88.7919845616624
67.4525250193349 -122.303461789937
72.0627709806987 -79.7669663239719
-79.9897552066856 -111.682149214118
-78.5520646634231 75.1279739495582
-149.525545341715 -36.0157421260911
-91.8139588282069 -80.7437076197071
55.3892630417501 50.8231480473918
-46.7048301329069 138.870721871382
-139.489661220427 -50.4450821549534
-96.4802771765581 -85.7589886802113
-56.637289389704 -59.7198006608986
127.547741126935 59.2938969550915
-36.0994084318771 -52.1534840690318
55.9229941518188 60.9371940423236
64.6325259868812 71.935176024853
105.708452854653 84.1021060015928
54.8791925677572 52.2614260167629
-52.4392736663993 2.92325015609303
45.3368467103701 -135.456265250566
-81.6256071156232 99.414694120967
48.7089056432088 143.907754684889
-156.068182237792 29.2682843708527
-131.168418740234 -50.7989678794659
56.5865470124401 -55.4344919687801
-92.0181714367288 -93.1339252587325
54.553297746305 6.17987385691795
-33.1364981280756 -52.1256945274253
-150.380339442387 -40.9756164418824
-71.7070101554857 -79.0717727174641
70.4342705168672 -76.7610409251262
-25.6920499753782 53.9535646740163
-53.891534010067 19.3194051488559
-132.446934154518 -58.0985760132538
97.4633019238839 79.7513191568761
67.2011855511759 74.3975558212691
53.5785502136049 38.9272092028476
-67.5205377345738 -62.1562227672999
-82.5224960507405 109.324685570622
-54.0757863295584 -32.7751138497559
51.3340729603656 -47.3103977194023
88.9122342838882 92.4495457337275
89.5000133170095 94.3529896277005
-73.5952831633623 -75.3032179358657
135.914641118028 49.0807951914525
-84.137262209977 78.7916656093598
150.425184957059 41.6697556712414
49.5284012382025 -50.4762089138237
-61.6234805510211 -130.282232608807
156.285022755427 -36.1186720234046
52.9510536556518 -32.3787105805607
-123.160911155761 -68.5512817355139
72.3201065427262 -118.548121481469
147.694270628068 -44.4468641773403
85.4881491265066 -85.5834378847292
64.2852456767988 121.831099140329
66.8304639926223 128.749135213098
-79.1427819563046 -101.173838441253
-47.7202932213967 -54.4701361320755
-53.3619720253725 -52.192178243295
-98.7658484200926 78.3262705069665
-79.558382757409 -87.3133555146171
-55.5457647019425 -128.475662518816
76.8753439846131 115.057454890086
-46.419660766058 56.1386886185711
-60.1948322212027 131.335512205501
109.000034783218 -80.3904956214244
53.9416914118579 17.2448163121948
63.7934575512196 127.503870487662
-121.564783834987 -61.5413805137428
-81.5095819602191 -83.9187556392556
-53.6258257220947 141.854571220006
-130.691470501824 -61.9679503560718
-57.7341011911307 -55.8790180913469
-88.5157506738344 89.4395243839477
-83.6404736480775 -95.3365952194419
72.0188706228016 -66.698029040422
155.712887266151 32.9271977041106
62.6285647780077 -58.9327917634934
-59.3943829609185 60.739101835192
110.105663026626 -78.7570610124487
-79.2713000710339 72.0483909257643
121.558695652548 -66.5491043750591
76.2695991642225 100.449504107388
-67.5001180986543 74.7857825043171
95.3931399902672 -77.4234708757022
-51.6341396661991 138.275891707429
-32.2556850514014 55.4202671225356
-97.8183220791897 -82.7011120661704
14.8037021980787 -53.1710006028856
39.9332601443919 -151.436958049019
-93.3579822194581 94.5943553521716
63.2795825394189 66.3901677656595
-60.1948322212027 131.335512205501
154.35201384082 -38.7793541702714
122.490604665971 71.7363659317572
-25.9520028291462 53.178627446036
-54.1713650186762 21.8491139126268
-143.813796157527 -48.0342565812724
-71.6811694367521 -67.1440506030123
146.311689710155 -32.6820437192695
57.2062848058247 127.271847923865
-35.8712262631003 159.375400177894
-68.7043318567695 -122.474605791112
23.312981266937 54.4516942778211
151.115924362408 -41.4325718714128
53.5941509802963 22.7118503451058
-65.1562354819109 124.595082314543
126.95153060885 -58.1819552113502
-132.732795358152 -52.7360733936209
-37.8111078883174 -148.405050466413
-56.8346446787117 131.276307435875
22.9583251877326 163.016230660371
18.81967719703 166.416096185898
-49.6859905788607 -136.880506037987
-38.7959447328968 148.216048551794
-64.4162248073888 123.424235325782
27.8014719254947 159.05791945812
144.591447503764 -38.8320816717212
85.7464421413651 91.4081093716838
155.229438578775 31.2462755001576
84.7208542116746 85.4180078179148
-88.0802422217132 97.4219207822263
-64.0910295455192 -123.519610984549
-82.5028819097143 85.3596745744198
62.7878797934681 125.979966202223
-39.6609020278505 148.54526759805
50.6064389932687 -134.273138103556
147.123964270261 -36.626728124566
-81.6859561901454 81.8612304409924
-99.0768994386721 89.5512453394799
-123.14488775233 65.1553478216366
-145.872441903477 38.9356193253342
-139.064742781956 48.32092455039
-111.082584560828 76.5464745434612
-140.830174957925 -45.7525152455769
-154.569614070788 -28.0051509467289
-127.262441204051 -59.546480804092
-146.902252730351 -38.3973840165459
-151.178175800024 -33.4298009582395
77.958540314664 -75.3776914946253
-66.3786051258159 -120.781535440853
-91.5911862687655 91.9889471493497
28.0216690311802 -155.552315942922
-86.2440912517255 -88.0163741181842
46.3586459894066 -139.347324840472
90.2625778166874 -90.9212886008053
155.910888481736 -26.7689730709242
-86.4664613728248 97.1615368280573
132.780306982094 57.1345474361477
48.4228989117558 -136.849623908633
-27.9428810139104 -155.742537005963
26.3953687713203 160.885817233822
78.8271019980648 80.7160136941689
84.1575592428676 -82.4649662751583
-86.7077374819014 -86.6362833388898
120.700581976406 69.5478714957527
88.5863873543492 -88.8589796432426
-87.5208677359493 -87.5495821980655
73.7439843428679 -111.833775223213
-48.6253169860333 140.577836745133
-34.7129770981597 153.120448662565
82.0479158589883 -81.4035972196023
-130.880113265133 57.5764031212063
141.632746042442 48.3346528567965
94.8274757904429 -87.2192954339859
35.529164521468 153.044669347282
-81.3322203224224 -106.223259955266
132.301093731218 -52.6013333260288
118.927431267888 -65.9488307371999
108.1558433161 82.1457537782444
-90.6420795127063 -88.4997318974234
-47.3386051905412 -139.654367528461
77.7363801359817 80.644396811473
-148.052677766683 38.3735104765098
27.5025132030205 -156.819490149251
140.074322781761 -45.9548453513146
-140.830174957925 -45.7525152455769
126.314639487812 62.895144774579
-134.196551291399 52.4974317067543
41.3046035632201 -144.125029339876
132.780306982094 57.1345474361477
-138.01027517802 -48.1739628397072
22.3406603457079 164.297495442219
-150.077749693551 36.7404529829257
-97.8426310765425 -85.3106611050113
-152.084964560072 32.3682099417021
41.3046035632201 -144.125029339876
-94.1836422211707 -87.7873405257637
26.3953687713203 160.885817233822
-61.5319988900426 -126.513958510548
94.9692879277992 95.0571886750724
71.7310881378834 -72.9145804016979
78.1441870165658 -77.734231161756
-48.6253169860333 140.577836745133
-79.2938357542921 81.9315085794667
-56.1043324234955 -131.764523270016
90.3030289088374 -87.8499372723149
-71.3148346487626 118.424644412664
-58.8420608904908 -129.679519753828
-105.247440287547 -82.3560251411466
101.366774262497 88.8224746725476
121.120626842095 -65.1167859230883
-120.448630987285 68.4468869835127
-72.0213412324917 -115.168807401901
79.4955138632426 -81.5114477939199
149.354381832193 -33.5509124482575
-86.3322064355426 89.2136349137474
-91.5911862687655 91.9889471493497
157.955981055435 -26.0781769016603
162.269284063367 -19.734192708789
75.6206155779464 -75.1955211366698
75.6206155779464 -75.1955211366698
-145.955992748038 41.395335087753
78.1910738161796 -78.9679767604304
47.5947125993586 141.50244375293
-155.224804070149 -28.7173052597107
90.5683911143042 -91.669356576256
-71.4419109759312 115.88516506388
-72.9994539097991 -72.7717706731813
-108.076144164591 -79.0471958292584
79.3121388549607 -106.250534670699
-94.77975224414 88.3692437779233
-58.8420608904908 -129.679519753828
-73.8062045867046 75.3375682754217
-67.2932476096359 -120.884720168522
-114.792410536077 74.2304528019913
-93.699704034325 88.3070398278389
-121.952869279054 -64.0732778294501
31.4280519842721 -153.224269080458
-114.792410536077 74.2304528019913
80.684065385033 -105.90264761708
80.684065385033 -105.90264761708
-139.009463295799 47.2348928310093
88.8552640277514 101.123863133649
-92.8042747501102 92.8670926323667
-83.6704462297121 92.3287584876895
93.1135495245307 -89.5950634111144
121.120626842095 -65.1167859230883
-89.6246681753247 -90.3096459996322
-76.9729200750086 81.7332262778181
81.8867100960846 -79.123412538691
74.6768637059398 -111.907426409285
-86.6427502956523 103.041402933407
32.6720078563492 154.919107544184
87.2050747014607 84.9637384065678
-111.276680547221 -76.2577663999566
-56.1043324234955 -131.764523270016
-88.7649566262139 84.8607648004893
148.217660090584 -38.6965210403118
88.8552640277514 101.123863133649
-66.4544508160573 66.2999545927797
-74.1624372653848 115.094246361906
92.4648332232679 -89.2411832199438
130.07073764324 -56.4805823319222
27.5025132030205 -156.819490149251
-72.9780916447228 76.4085955798429
-86.7299664671394 -92.9801938111493
73.0854527722709 -74.403366039449
140.074322781761 -45.9548453513146
-125.096639422893 62.578461550193
-117.733164220496 68.9314751792492
-82.0148628687153 107.923175618702
-80.4043357952751 83.1644161701116
-61.5319988900426 -126.513958510548
84.3601671795083 87.8198760839868
-85.0267903064903 89.62844942804
86.6361188925516 -81.5764600412782
-32.730627891901 155.589432575236
-84.2602358665039 -103.703763459354
41.3046035632201 -144.125029339876
140.659853888991 -46.7640488522326
-72.7389519555599 -115.460639379505
-84.7556527487135 98.0200462967079
-143.082002102798 -44.0066413728387
-92.0181714367288 -93.1339252587325
92.4648332232679 -89.2411832199438
-89.1970454425104 88.2619733717272
115.258864353543 -72.031747798382
-99.7054688741487 -87.8815744020813
-133.745719207994 51.959095516015
91.1175543037396 -82.9721266955092
50.7336419320623 139.061511707938
-96.4802771765581 -85.7589886802113
90.6798324190621 96.2139340788563
-86.2669645261258 98.4293078730582
157.329367991474 -27.8646321418832
84.2457138060145 -79.9001668806041
155.793470921903 -28.1231468020755
-56.780739246554 133.146230381508
87.9576382993204 98.3891266631574
-70.7724863911156 72.1928335399056
-82.7596501840429 82.936949538662
-61.5319988900426 -126.513958510548
79.2583697466095 -82.7548490836663
93.6204947783252 -82.4725298517649
68.9408151580725 -68.5500870349429
67.2192012559293 -66.8442987258019
-97.4712514863766 91.6119671207982
-42.9411871857965 145.992681530747
78.9433870082317 82.011114688496
-87.2259853854374 86.5339922430332
-139.423775050854 49.0730002767994
156.221130127961 -23.3410235644297
-84.7556527487135 98.0200462967079
-50.9774081772931 -137.757954101424
87.1343001422441 90.9636499811672
30.8443940030632 157.113645650963
-87.4297029511667 85.2256865146207
-137.41650828288 51.7529744738131
-81.0114593349521 -76.2897053301263
104.337798893848 84.9226191266447
121.153308300441 -66.0052331278873
-42.0478818107771 149.480652472663
64.6748732653436 66.9191694999665
-144.228926486805 43.9930339357458
60.3816191811208 130.269555834674
-105.247440287547 -82.3560251411466
-82.2803494224215 86.5170835831748
64.6748732653436 66.9191694999665
-78.1414747155544 83.0838884481489
-108.840573325239 -79.2297192136412
73.3444643923031 -75.7947347705562
-87.8206981703955 -91.2481190631983
154.194388756582 36.424797774725
-90.3794886811938 -97.382682765343
-90.1163950832675 -82.826645068228
85.8746950205191 -91.2850919168083
144.591447503764 -38.8320816717212
63.2795825394189 66.3901677656595
-69.521985017756 -68.3461340342281
139.92302622478 -45.0277876890833
133.634331597448 57.7998288403649
72.4721476800621 78.5743585250487
85.0661284343898 -83.3539919390875
-74.9839807378977 -76.7491057509105
-145.955992748038 41.395335087753
-148.898362025514 -37.4102391901639
82.8891314558862 100.135941203211
-89.9195659801089 96.9372499596737
-76.1726004488112 112.53864148207
-78.1414747155544 83.0838884481489
-149.719325045671 -37.8858808058375
-89.076190183562 -80.8838388889415
84.4232377633601 -96.7170182781114
-62.8034415635934 65.011523628601
-76.6915707523289 -72.8285731179311
73.7852122596274 73.7897376695359
-69.1667840163696 70.5301820856911
-152.334313470785 34.8586187124677
-103.966738735118 86.1313177270008
-111.276680547221 -76.2577663999566
84.9521833292644 -89.2247532340527
157.955981055435 -26.0781769016603
57.9837081884965 -125.432141775436
-78.5885956690654 76.2372466911948
-83.1026067553068 98.8012390620661
99.9278189130176 -86.9606352590272
-86.7077374819014 -86.6362833388898
-64.1493619433983 -124.460678472119
-67.5434055265331 119.304198919178
-96.883175958253 86.4981752843448
-94.0010937049909 95.3458497942478
-82.3887936171282 -93.888059611358
-46.0969469752859 -142.199144978821
157.329367991474 -27.8646321418832
111.266287078886 79.52821134314
-68.0115524993742 70.1712352329564
-83.6222378799605 -90.8425886452571
36.3042229408702 -148.78395039961
156.066851695563 -31.8793060999441
52.7766988133656 136.596273085273
56.0603371297436 -131.589632479838
-114.861193186361 -72.2030324758566
-69.6259825062394 68.4413006512486
130.007707099893 -58.2968664485547
119.857247821321 -63.3803796813124
84.2457138060145 -79.9001668806041
94.4542243935899 86.000332598386
70.9971576227727 -74.1373237087941
90.4839741398553 100.669065437484
42.1470522627105 -145.12314611502
-70.5289385014178 -67.6785123722026
-93.7309722160851 84.0648474143369
-82.2149919315391 -88.8884641043506
-75.4348849358822 -112.222154432467
-76.7682430961657 -80.7724149070835
-41.4085972226376 146.371431139035
-27.8130492177922 155.57807965023
-64.4411156771175 -63.2758369862395
-65.5923447125936 -66.7496265043521
56.0603371297436 -131.589632479838
-63.0395452131792 -62.4590858483699
31.0107948269394 159.289316929302
-81.0761544118618 -94.5159723368438
-88.1414993261739 -100.855674454763
124.052855034425 -63.5452549499157
-87.418005390641 -83.919061633582
81.5526168824715 -80.2863028536458
-68.0254922090833 72.6937439526568
39.4068148565575 -52.7290894810882
-119.409933769401 -64.8074141521445
-121.572748122891 -65.3995933021863
-134.553163815905 55.3042742246777
-92.9435434448202 -85.7138762024932
-120.421010312305 65.2502357302505
49.5902410863676 -53.929813098254
72.7627231346604 -68.9770528729863
-60.6374363944907 -128.520247487008
-88.5156953017474 -93.2045902247998
97.5261734734448 -82.9243165954849
85.9916482983268 -98.8544250476978
-44.2986912947283 -139.233473014301
113.930708359371 -74.7362395405151
-65.2110773888362 120.976765223979
-72.4519692266619 78.9331600442413
78.398795131157 89.628959753701
148.217660090584 -38.6965210403118
-34.860329689523 154.922510226299
56.3183940508 133.674642537117
-95.191706775665 85.1038416091032
88.1991939467937 88.0871029203603
-112.926040572529 -75.5634194605257
91.8101720074969 -88.8012232476157
125.90346169182 65.2266935999376
40.4551332434299 55.9067097440982
-64.6326252864384 126.716504550223
-50.954291579188 135.123596336104
-81.7186493876617 -90.2964877424012
157.726790781902 -29.4302046185555
79.5125261671141 88.1743471785863
-55.8885157064387 -56.2531412864041
-89.576575384119 99.5683603840604
-139.063532467889 -49.5540787745493
75.7707911481321 -82.6782066809362
-125.071103877316 64.7556009506411
-139.204990202878 50.5038142276784
-80.066214859581 109.038365449865
-94.5223228176035 86.6345641880189
-134.568578883225 -54.1668649628234
155.712887266151 32.9271977041106
-53.3177614636187 -3.82539289032361
92.9184315551766 -85.0628873654977
-79.7426645281105 111.126944040917
121.153308300441 -66.0052331278873
76.6629642204545 84.3007432601454
128.867841850899 -58.7798355478777
-45.0808350030672 -142.393319345749
-78.0066293224744 79.4972758739085
87.9076303795046 -88.0857710249562
63.7524285208302 67.8621870977557
56.5865470124401 -55.4344919687801
67.4260041683757 122.858314887567
-68.0115524993742 70.1712352329564
117.573400289089 -70.7919372396449
-67.2932476096359 -120.884720168522
17.3837362867821 54.7880899896079
80.8540146408145 -85.2653337508442
-74.3691778769137 117.080923042162
-71.1226042008023 77.3493463455045
141.346376689103 49.8348634243736
84.752766486633 83.0306598646231
156.066851695563 -31.8793060999441
-85.0997181372725 -77.5632750643744
78.8785124233984 -86.3788413326488
60.3145454881912 132.097124755765
114.517789007964 76.6904449457071
36.3042229408702 -148.78395039961
-68.1174315865974 123.749814911124
-126.733408961103 63.7113429563757
53.5788711667645 3.91772251302367
134.92916464522 -49.2927911666785
-82.4341731657489 -77.5384144883814
56.9963044255983 -58.3885216250918
-67.8135019602046 120.495059929925
-81.1861308523826 104.537699959437
-13.0510757466867 -52.5131527747736
106.079901415222 85.6838358936778
-79.6054403401779 90.4960619326914
79.757647206181 -91.4294679889464
-74.0878428462432 76.5968901375775
-121.934441756848 68.5297720277592
-55.531505968122 55.8406522051345
142.089843959783 -46.8144976085795
53.7284840041884 -25.4571305974667
-102.08090262573 87.4393545355701
138.624895669716 -50.7795086454033
-94.5223228176035 86.6345641880189
-70.6596655559449 -72.0653326871292
-52.6280542354313 21.7424098154331
154.194388756582 36.424797774725
62.6228256332871 67.5398384877709
-69.0615761890534 117.294944765797
-64.5153299491124 64.4691753587383
45.5520880534698 -53.5577303249925
-45.2649094958969 -52.8925858059939
78.2726508740774 75.0581003588586
-33.712903506025 -153.369914268491
-54.4268786157824 -48.7048168784993
138.624895669716 -50.7795086454033
65.1591489334339 -122.837654108622
49.450465688616 -133.047659480588
-53.0185209598645 11.4440516297002
23.312981266937 54.4516942778211
14.5243338897952 -52.5050553396835
40.9961400913966 -146.821388909008
90.6798324190621 96.2139340788563
-88.1428329490824 90.6789734475319
-99.7054688741487 -87.8815744020813
93.9595397323616 -93.8385153912738
124.052855034425 -63.5452549499157
-139.064742781956 48.32092455039
135.922433991516 -45.4666862007625
-57.8791862770749 -132.535973613454
-76.6470870027536 78.183725621488
71.2855766555463 -75.5567278011545
76.8614998998308 116.60184668804
70.2861999318263 -75.4283008195909
65.4288793383756 125.336738128862
33.5677257975769 -153.46217904232
-53.2804513655349 9.27134836142141
53.0610199613939 34.196609882583
106.079901415222 85.6838358936778
-53.635478563899 -30.6735013479099
81.9454227922795 107.992522736104
115.656371696931 76.8459419740366
84.7773484754617 108.17010402246
-91.2086816397305 -98.3238328352994
94.6033222981441 -92.5512196413142
-70.5947625981856 68.3022435508975
85.6306031647725 -79.5409733193015
-72.3194894806403 73.8031570323574
-143.589015266223 -46.4723498472403
-140.425726314172 49.921945831273
-97.8183220791897 -82.7011120661704
81.8885603846293 104.751024638123
-58.1806219478915 127.9032525497
78.3368308022424 -101.167736952338
-71.6123664458344 71.3455178543872
-30.5367366327241 54.2422051240276
33.2250704100819 54.4373828615802
-95.311207514452 -91.1852241515189
-37.3905594287394 157.048104345829
80.6291565702797 -76.7246892129665
125.324773826491 67.645296636199
26.3953687713203 160.885817233822
53.1052032719977 40.2324732391282
-78.1443602133375 87.6277989849455
-116.729142560435 68.8759006876721
73.3768678296576 81.0148486165778
-53.0638386245217 54.4227333309129
-101.882152125196 -78.9102197545196
-78.1443602133375 87.6277989849455
-78.5438904054358 104.759293012927
115.656371696931 76.8459419740366
-100.78538722292 81.1863911333253
-63.621781877393 129.784796924904
-95.6981837481939 86.6156314062213
-74.7500869549218 80.5490346256717
30.0324283982565 54.421009477757
-45.6318862959843 -52.0545994256942
117.0702618894 71.35659905805
81.6582952517943 -106.524238163366
64.0597820187804 -67.6537454119741
80.4340945100701 -82.6837694780634
123.458288639584 -58.6921952557206
-52.7454439962523 -39.7667783350356
46.8633393423545 -51.5937411619334
48.9255449610024 -51.4922421422759
120.360750940738 72.5411350898008
36.2078762203795 55.3519048495256
113.805472708882 -75.5906515095384
76.9416038388249 -111.629907672542
-77.446505191516 -112.372990955385
135.257736202176 -54.6692658371164
72.4862025110846 82.4218377642716
79.2451898357467 113.705147708982
-77.1877118011267 73.0144437943855
160.733199733129 -20.6756045881802
79.8356635429487 101.617704147859
-65.0605115418098 62.7608028721965
-88.4348327486814 80.2644964676565
-95.1930211329671 -80.4127724452219
-79.3185750963456 105.548217254185
30.3235929009111 -53.4100674326546
-96.4667105800914 85.0036242818775
-80.9464452103864 98.94009596093
45.5520880534698 -53.5577303249925
87.2430228938081 -76.8620402356484
52.6352907660592 38.2164461059116
107.293658424186 86.3698525510441
-148.144723913684 39.6791835787606
-84.0059721967056 -96.1935839695784
35.802928489135 -51.7823251202551
63.618286528199 -125.628602417558
-116.926839693732 67.3865847476437
109.000034783218 -80.3904956214244
64.1039999722721 -124.502075813031
31.5997560701684 54.8529679066442
151.025201107205 40.0844266757352
156.982646324614 34.0772446868712
73.8218775433641 -79.8495993249333
46.4328937680863 53.4190582403466
-99.4704936739481 -90.5720932742445
-60.3185371862717 59.4742568050469
-153.650618489903 -31.2859126250408
-60.4223965694655 64.1779701857781
97.0135334422732 81.9997769992658
76.8614998998308 116.60184668804
-88.9920850268133 -79.6134955281734
13.791353772162 -52.1368946071491
115.349402065311 78.473692114128
-28.9758616701316 53.8773413844508
87.2072784132556 80.4600058030195
-83.3928011131465 107.82586485015
73.7642380952551 -108.013185543597
-95.6560564286347 -92.8380854225416
46.6700350375305 141.27501732886
-127.823191820051 -61.7615887796769
-144.227422125656 46.1083396940242
-53.7294519111619 -39.6875534596237
52.5728670679698 25.4568959885617
-50.9774081772931 -137.757954101424
41.8150904533877 -148.211159869164
54.2515087685995 35.2684589366096
-97.5754054435634 89.8466068136168
-89.6097549737942 86.9140272437105
-96.0244597826983 -93.1413688249915
-100.366753973848 -79.4770158948958
-115.240925260245 -69.0404976412991
-15.111765651234 -52.7971580550677
68.6649575179268 -72.4526520554406
106.18973169998 -80.7066333057184
-86.8320463922291 101.920847716823
-98.3297977899171 -78.8448335857604
-81.6256071156232 99.414694120967
52.5601086577486 -30.7760433396986
-126.043784220162 65.6164789651886
-149.525545341715 -36.0157421260911
52.4912600576996 -33.9832450579041
77.4305987669537 -100.26335658627
78.1400168270365 -94.7562012651969
9.12001776575999 54.2787645118095
-116.622717856656 75.0060255309143
-105.537125908047 85.1366903964598
47.3064228647708 -141.552422320525
-11.3651297651612 54.5484085862328
111.782509467203 80.966806523657
-65.8072699980573 124.944395194499
-52.1025518360444 36.7422514352053
-53.3266840253966 4.46039321454659
-58.0593777451596 -134.000974679922
54.2690764587298 26.1976524155375
64.3363460380279 62.9856066400848
-63.7071009627132 -127.540669692832
-75.0639041235305 -81.175466165366
96.8326080691785 94.9361719300643
-33.3027735183867 149.727115104456
-103.130649744149 81.2666717724232
-53.4780845866215 -27.3958005602007
-78.5317086196343 -109.568073558866
97.9821907928297 83.1256971224643
53.7284840041884 -25.4571305974667
100.14188573716 88.8123361326866
102.346905443538 -78.5072100694534
24.3900392708859 -52.8328945890349
66.4926249023457 -70.9021042351964
97.6558972893692 94.7030666904727
8.13064855540941 -51.7608192794588
-87.1199079538943 105.6518583765
-93.699704034325 88.3070398278389
-155.828310786639 26.4044146608066
50.6606365608422 141.454218169018
-24.7875741956491 -51.7420039763687
-80.0699784738416 -78.5445076673314
51.6433269644686 138.789878417538
-100.0048145061 82.750339129482
-94.7474178369783 -79.4159274269609
-78.1188335145092 -105.488596529053
75.3526215330321 -73.9273927199948
89.882588674139 -98.2554514528425
119.98045631637 -62.1119805023665
54.0737357039978 -23.1615565696765
-28.2243488360314 -51.5636613262681
31.3544899508651 -51.3467344407195
-54.0913415553961 -44.6371508163679
33.0728791426847 -151.159952137263
154.315279596735 33.1697157937632
91.0851719735453 -78.6193469049106
78.1441870165658 -77.734231161756
56.9963044255983 -58.3885216250918
32.1293273023387 157.435298585021
123.458288639584 -58.6921952557206
-59.3943829609185 60.739101835192
79.0443752676023 104.399208501168
-55.1335375027304 53.4919674094221
-153.444969190244 -37.5518148306577
135.866874565206 54.3379218758596
54.2492103143187 45.7137779690103
-46.4159361983479 147.412128157436
98.2039848933399 -88.0608024901215
45.4667395644387 -144.936274932655
159.371803825386 28.6090490621609
-53.6056256616589 28.9239015105711
81.7484797824723 111.721115415816
-81.5639869248674 83.0725787218585
64.9295734125003 -62.8186315055518
43.1973596043112 56.1316543251058
-119.879463080473 70.0637943294778
-93.6997111447222 85.3659548659801
102.709761913815 80.8032915092861
42.0343584949695 -141.807975050403
129.875725127322 -51.6246261250834
144.591447503764 -38.8320816717212
45.7873379842918 146.038315610306
-46.2398872081693 143.370988149177
54.9737990192189 -135.188974954432
68.9938678738029 126.089981119817
-72.9741500243548 118.997818424951
-43.877352456378 152.318655474076
63.4064548264301 -66.1341655297024
30.2277860656461 -149.701769915988
111.782509467203 80.966806523657
-73.7179669254611 69.9985843470648
-35.418931880249 156.142564698408
-124.000872098381 67.0395483440121
155.793470921903 -28.1231468020755
-66.310006943649 68.4439830309711
6.25363702725134 -51.4832048413632
-91.4799250230847 -78.488826045605
52.7491826548886 -131.763448663081
66.494903781008 -69.3367082588839
135.257736202176 -54.6692658371164
93.0534314738739 -80.7178450074669
-70.2513348319172 -64.8535069347625
132.197327540098 -58.2504605433199
-3.15126539791999 -53.1357194847482
-83.6404736480775 -95.3365952194419
52.6343581800045 32.2780199007392
60.8218147588502 -60.3744745281698
157.329367991474 -27.8646321418832
63.618286528199 -125.628602417558
-81.6859561901454 81.8612304409924
-143.882097830709 -47.0888704405216
-77.4204502012386 -77.1175194866019
154.194928210045 -30.8673554509114
155.793470921903 -28.1231468020755
53.7942015566063 -35.4921167160695
69.602268599488 -72.5633541891704
-145.955992748038 41.395335087753
51.4473358943974 -54.2134355630654
144.380172755367 -47.5122247075158
-83.2237235345405 109.896023459739
86.3310229952386 -86.4425870426768
36.7746816735447 150.189159435552
-51.0443870605098 50.4604278363556
53.5680363472799 -55.6199915426933
78.0531526531019 97.069264047577
58.3064434203354 135.872297179666
66.9115275651072 -65.7060610798109
52.3694669553217 -18.8239941550359
87.4724494571362 94.3253028313018
84.7726076300907 78.5077209157121
-53.0218976100735 -5.77483937738142
-81.0761544118618 -94.5159723368438
-99.6029304099638 92.0414599450351
-138.054464708373 44.3078801501283
-32.9835745601577 -51.2562939752846
-73.5373424908546 116.6796365232
82.8403986025119 -82.6981584466391
127.120105589393 59.126145820515
-67.0171627115283 72.3729733143208
-148.110840611476 43.2790133818672
-40.6074206409768 -53.7935928767243
154.843360548497 -33.8123647535236
54.553297746305 6.17987385691795
-83.6904781542372 -84.646643250451
-34.5424955024601 -51.6678202338943
91.8101720074969 -88.8012232476157
-101.023890179889 -78.0197123543572
-55.9044953296214 54.9998841625944
44.6160550618482 -141.575019659694
57.217016537679 -56.9279619362263
127.996923547041 -62.1070632137215
54.6351103682024 24.7795521861277
68.6523482291311 122.708949225386
80.3514207651044 90.1912354636929
-55.1335375027304 53.4919674094221
-135.399531283736 46.9745662638576
-33.6912383565413 53.3255969763539
43.1785679919275 -53.4579741513179
-78.4961552427637 99.6308200173647
57.3573639385239 -133.359900570828
45.4667395644387 -144.936274932655
28.6012799500647 -150.378501534933
-82.7695629038395 -108.252471623847
53.3749898833623 -52.8479850223783
-68.4707923185981 65.8482182511346
57.6485823816695 -61.4071660109805
9.8189384492173 -52.0570027676354
24.7904339405899 157.987109606443
54.6552355240642 30.9397287594253
-85.9572233251939 -98.8062867786563
76.8753439846131 115.057454890086
135.78156469262 -54.9539399762122
-46.6561481424608 -143.692829622869
94.1864397942341 -90.8828195531589
54.268514499608 15.4833897074535
-141.525697689301 46.2413916728924
-112.085051275429 -78.9604672308234
143.411418762271 51.8742325139163
-6.15121950554385 -53.2636263937481
75.6756048819351 81.7261731023027
-39.2373772095695 155.95372412593
-80.7618650206539 96.4145213824625
123.676519015248 66.0771927120999
89.0577014267596 93.6022103025228
42.5878204375155 147.393584603638
-102.482347877063 -77.5673335263314
-52.1819911369776 -51.2057950477682
-32.9835745601577 -51.2562939752846
-4.14773839018611 54.0449345663682
61.3803207223625 -129.203238548137
36.3042229408702 -148.78395039961
71.2487463942053 77.557247899923
-77.8688695392234 -99.190251547662
-20.1366454950408 55.7012142037837
69.602268599488 -72.5633541891704
76.1778335090398 -89.9522165230581
74.9437547578343 -87.0037878450006
-40.5803559760457 153.648169164312
-95.7683906833347 79.1567189333455
26.7303834076665 154.805844098213
-40.6074206409768 -53.7935928767243
73.3621637463266 69.2731937503771
-83.1539608716491 80.6165773740208
-58.6232624775937 58.4061988822998
-66.1233566858184 73.94091279147
-110.385280485303 -71.9143276378264
-6.27408758407171 54.2283971541838
81.6582952517943 -106.524238163366
81.8885603846293 104.751024638123
76.2764234267001 88.0371326978475
-50.8981781054979 52.0716119026277
-130.447515420003 61.2529312956489
-152.039848198659 31.0618040756062
117.464369881767 -73.4185094176351
52.1799061945655 -29.1090615169468
15.4225886901063 -51.1975573807148
-83.6222378799605 -90.8425886452571
-146.559534856997 -32.8408350466136
-79.5143096580198 -71.1997407261306
76.3648914091652 -92.4250911115978
111.513633640266 -78.4924502679872
-63.9344142274245 65.3353451868484
95.4433888283782 99.587588064838
-10.7669724412812 -52.8328230831455
113.955084908965 81.2471745047063
-152.334313470785 34.8586187124677
108.038961363639 77.1246844665303
-63.4726796631779 -129.74044590834
-53.8679643362679 36.5505716716485
-114.563599391656 68.8184103219774
65.1591489334339 -122.837654108622
85.0553633563986 92.8333029257647
78.9925148759109 100.359069535464
-72.7898621576268 122.34363293356
87.3085178883208 -75.7438190177659
98.3854177541673 95.6439983888754
54.7647671086622 136.362157445012
-58.8633448300826 56.1120275624521
-82.4545616163762 74.7253927091521
144.933186335227 -39.6032090475254
36.7586484152392 -51.2616685124837
-79.3187926602983 103.086143355679
-101.51617608751 79.6967551963652
-149.038487204367 -39.9542620987672
99.0021882974564 -78.5657730509601
-66.6694114414483 -126.208733452299
-51.1322545429855 145.05570715297
18.3158040707821 54.0516350720313
-83.7459291785566 74.4915775108905
32.3598514231929 161.340463411205
-78.7037761006895 -77.2968083018922
-91.2468458280248 84.8962761107755
83.1478727494171 88.0988407806773
104.008821784915 80.4218420741139
157.416407534284 -36.0490694781228
-112.092956842686 80.6845385343662
-53.4252803974434 -19.6192046484831
75.9244030777519 -93.9901455576299
-54.3732280225612 38.1734878668008
-54.874677749325 -45.8905165351056
-109.335416400868 73.9630724787814
99.3549243096666 -90.1864574616144
69.3248791762043 75.0385678950981
137.759021040507 54.8068533257401
133.104780171355 62.5025532764897
53.6574986183415 60.1484543181796
107.503790810048 84.8956394824761
-52.7206451889334 9.29703909639073
130.946119193564 65.3359981124456
68.7021633685761 75.6675739146472
56.8610070173549 129.378116923854
-43.0891609264326 140.626563558244
-51.9309692764536 3.945383305482
-111.716709876541 79.9765331383558
-50.7289852997254 -139.856440203884
14.4884073324746 -53.6107441912876
-120.002068825727 -71.2439544794013
40.5684798339828 56.9525019082676
151.640988580738 44.4009608760358
-140.436943149351 -51.9933833634256
-144.773242445673 35.5768608318925
-36.5206334151707 -143.705934685202
92.0856074800873 79.6649164921387
55.5139325712759 134.974361753952
62.7595284586783 -117.881663617259
135.257736202176 -54.6692658371164
136.296683575071 -50.8892147784059
-129.676299122766 63.3301439272624
72.1222457225903 84.6309394594164
-87.937568149487 106.202051427686
34.9066783885669 -53.9595057378324
61.2437490180797 61.3038893585865
82.7794425766421 -93.4027382962088
33.2250704100819 54.4373828615802
-91.0245831797316 77.9600055741254
8.13064855540941 -51.7608192794588
-94.7474178369783 -79.4159274269609
55.050000197447 56.3934436813507
-56.8380082752701 133.591818527032
69.1715223671854 -77.4679011302935
-55.9791578322892 52.719558249828
-57.3953775142027 -136.060821468851
-64.4778377558304 70.7416228098498
-88.5222128649089 -88.1767933784369
18.3933358098121 -53.1408089878928
-36.5060356389326 52.6422029949081
-50.5085557575868 147.292161772748
-74.6212770467237 88.6395860870575
129.051357456361 55.4745345702393
106.690971651639 88.2088610373077
-53.9977023330486 -0.714373657020126
-75.372815840863 -106.822688818554
81.2407763400016 74.4428602997744
72.4691365191283 -65.5674536747692
-140.436943149351 -51.9933833634256
156.286250611828 -37.9817657519783
-54.3581103700008 35.658953352719
-78.7037761006895 -77.2968083018922
-86.1352896832608 76.4608591296509
-137.444226062257 53.6274336034138
148.387774947536 -44.658407991959
-60.8068860779313 125.021543191185
-38.3023035638659 55.2506440332263
64.4661063955337 -70.1137869797443
8.05784681166841 -53.8665999572118
59.205559297287 66.6323509521013
-42.2303636743715 152.981268876148
-115.432696217695 -76.6545877575723
-84.8954231762242 -88.2899721128664
-95.5718492748801 97.1299978727111
37.3408096451432 160.499802585019
64.4661063955337 -70.1137869797443
-71.0585218084443 -122.556442715727
73.7990977018551 88.9378044251225
-84.3976674837896 -97.0192173574563
151.222012689866 34.8142906707336
-70.6747463716099 66.0455676445234
61.4461556461576 135.533318012475
74.8754449498584 -81.320698313841
-37.7786317062503 -149.725672789958
-91.4579904901774 76.9052077528703
76.3648914091652 -92.4250911115978
51.859828784779 -24.4377298721591
158.721645125892 -24.0257079106022
-61.9226405308613 58.3200731251187
53.4301917777685 -12.0852529647514
53.6111842620678 19.0862831776213
106.340445098213 -79.5801159057251
118.240773194269 -67.5887811989168
-76.1726004488112 112.53864148207
-70.9095838924946 117.879597723832
139.92302622478 -45.0277876890833
109.129391818983 -77.2707343008968
115.631262970853 -69.779320461615
-50.702850388128 138.001470451228
-132.732795358152 -52.7360733936209
-62.3822906445668 126.816168159591
100.212257013314 -85.609179915141
-127.458888821481 -58.3385367234671
-78.6733468605192 109.456726597096
-59.578991502979 129.091619487912
-70.9095838924946 117.879597723832
115.087766561973 -71.2563190607877
-55.1219500680083 -131.706340947819
-137.667446994143 -47.3818921533149
-49.3448439040639 138.589120902855
-105.722419373209 82.8869395199359
52.7491826548886 -131.763448663081
-83.3998866579704 105.939699897541
-132.85938432343 -53.6587031222119
-125.096639422893 62.578461550193
-141.47174951914 45.0948927663648
59.7357727224415 -125.97834362957
-68.2529194168876 121.021441670269
-41.7616029767605 -143.676585950632
-93.2346568141189 -87.6048865498193
45.2496261824472 -139.333669375442
91.8101720074969 -88.8012232476157
-42.5974022662776 -144.090994472846
27.8014719254947 159.05791945812
-89.6605153795798 93.1349549151596
-152.084964560072 32.3682099417021
60.4300601443745 -123.965758739721
158.721645125892 -24.0257079106022
-58.4423764373731 -129.00858783823
147.584048404545 -37.3138807804483
-88.0802422217132 97.4219207822263
-60.7415024760505 -126.293611796088
139.853714747223 -43.9920762319467
102.21963717372 -82.6542393124094
-83.3998866579704 105.939699897541
115.631262970853 -69.779320461615
-142.17513912511 -42.3886249682643
97.9104654558241 -86.6701223234308
88.2758515021084 -84.4625194307224
-132.159870117572 55.2475953843263
-108.076144164591 -79.0471958292584
-105.747492663661 81.8862314904661
115.087766561973 -71.2563190607877
-114.861193186361 -72.2030324758566
109.129391818983 -77.2707343008968
86.9576221100115 87.542862037015
-68.4678085977321 -118.231009992967
-86.1649741330017 -84.3884245406942
62.1531620957608 -123.191977494757
-68.4678085977321 -118.231009992967
-92.8690719984547 89.9767486040256
-114.792410536077 74.2304528019913
-125.096639422893 62.578461550193
-84.0875924793108 104.093872019161
82.3499564854433 84.4980168395098
-90.3964392078403 95.7063828435292
-83.6191531319192 86.322537105976
103.884225807135 -81.5350947913713
-141.47174951914 45.0948927663648
-53.4826686450817 135.873731522432
-59.7039765875742 129.893025629135
-143.658581598592 42.0559763377506
-68.2529194168876 121.021441670269
-68.4678085977321 -118.231009992967
100.212257013314 -85.609179915141
85.9916482983268 -98.8544250476978
-59.7039765875742 129.893025629135
-36.9851665837096 -147.947445299028
89.2171915545999 -85.1676261987312
-106.652742387013 -79.9737101551287
68.0304203326023 -117.470316418164
45.2496261824472 -139.333669375442
111.486184490922 -73.0865480263722
56.3183940508 133.674642537117
127.087721840045 -57.0723982073922
153.219234355015 35.1428321419706
-64.0910295455192 -123.519610984549
-84.8903999712768 -83.6829091737032
-89.5263579048109 -88.2431426214447
113.392824727992 -71.5921628379372
-124.621362753622 -62.7724727190141
-140.830174957925 -45.7525152455769
-126.007260939614 62.6889031973467
-105.747492663661 81.8862314904661
-105.747492663661 81.8862314904661
-85.8583359367645 -85.7552339132926
-114.792410536077 74.2304528019913
93.1135495245307 -89.5950634111144
82.8074032163874 -86.3678516731058
-136.505766948802 51.6154582334958
-130.271678603199 -56.8997420536305
89.4822159227744 -87.2744551183774
84.3181792953164 89.0705165254784
-58.4423764373731 -129.00858783823
28.0216690311802 -155.552315942922
149.647730982934 -34.4449695015913
76.6658911208414 80.5560336080172
-75.2449743388209 76.7975993402878
80.6291565702797 -76.7246892129665
78.4657982203423 78.2012662237979
-93.699704034325 88.3070398278389
-53.8640206259492 -131.926591079129
-47.3386051905412 -139.654367528461
-86.7077374819014 -86.6362833388898
-117.340510140291 71.1541661965965
-101.58777737219 -85.5123197406563
-136.505766948802 51.6154582334958
-114.861193186361 -72.2030324758566
87.1478368131407 -87.2724400754617
-72.7389519555599 -115.460639379505
103.441078257222 -82.9675154371154
84.9407021494667 104.054196705522
126.95153060885 -58.1819552113502
30.8443940030632 157.113645650963
-59.7039765875742 129.893025629135
99.4774855771152 88.748175502736
70.122240472925 -71.3218119107497
-59.7039765875742 129.893025629135
-107.812908472319 -78.1036792557182
-138.01027517802 -48.1739628397072
114.369115994742 75.9382678713087
100.14188573716 88.8123361326866
27.5025132030205 -156.819490149251
-114.792410536077 74.2304528019913
-103.488633632256 85.5616773635558
91.0228330289077 -95.2269444729804
-41.4085972226376 146.371431139035
-32.730627891901 155.589432575236
73.2636176114137 74.9513292591359
94.9692879277992 95.0571886750724
-67.2932476096359 -120.884720168522
45.1107927123427 144.374423251961
-106.652742387013 -79.9737101551287
-99.3932379213141 -86.6555778068812
-89.0537289010692 -95.6166742436803
93.1135495245307 -89.5950634111144
-89.576575384119 99.5683603840604
-91.787742948255 -94.073583895712
-87.5208677359493 -87.5495821980655
-111.276680547221 -76.2577663999566
-101.58777737219 -85.5123197406563
-112.524487590054 -74.159700200334
75.8843235182812 -78.7433762776836
-99.3932379213141 -86.6555778068812
84.6135610040492 -98.8249906280502
118.619195839639 -69.0773421430843
160.924912591971 -22.2715559635193
-141.47174951914 45.0948927663648
-87.1473962509227 -85.2410930846489
103.884225807135 -81.5350947913713
107.080530239248 81.2471164287172
-157.425801652317 26.8450854435713
-116.368160604715 71.2026849773082
-150.077749693551 36.7404529829257
118.077089449829 -68.6771067811032
124.105556678565 -62.5396660839086
87.1343001422441 90.9636499811672
-51.6341396661991 138.275891707429
74.6768637059398 -111.907426409285
-84.8903999712768 -83.6829091737032
74.5470512367156 -71.5126714239597
84.4232377633601 -96.7170182781114
-136.505766948802 51.6154582334958
137.402477775539 -48.3168772395916
-49.3448439040639 138.589120902855
-88.9832742796998 -89.6788098333056
-73.9209061489167 -112.763210127116
-94.0668662627651 -85.9020488934886
-136.505766948802 51.6154582334958
81.5526168824715 -80.2863028536458
-99.3932379213141 -86.6555778068812
46.3586459894066 -139.347324840472
85.3824508387398 -97.286748200298
-78.5317086196343 -109.568073558866
-130.880113265133 57.5764031212063
-130.271678603199 -56.8997420536305
-130.271678603199 -56.8997420536305
-81.9706099661045 79.6450765746295
-88.5222128649089 -88.1767933784369
-97.4712514863766 91.6119671207982
61.9452724681155 128.223335635356
75.6121088154681 80.4445564793839
74.3712744476341 78.9543278289638
-114.385126376899 -73.5590020505181
25.6908409674222 162.256517693874
-107.812908472319 -78.1036792557182
-42.5974022662776 -144.090994472846
-88.1308637278462 93.8945209953079
-37.6032167837199 151.029416379829
37.0287333483657 -146.398143126095
-84.0875924793108 104.093872019161
56.5460148378651 -127.250251610691
150.131160929296 -35.2273594459707
-97.4712514863766 91.6119671207982
44.6160550618482 -141.575019659694
88.5863873543492 -88.8589796432426
85.6360520827669 88.5638297670004
-73.2175181737037 72.924847573374
-85.7517005657322 90.6224773425721
-67.4896268018441 68.8308189749726
-87.6686980313613 88.6670207930816
139.450043128994 -47.2871386687916
-74.3691778769137 117.080923042162
-84.6559731280846 87.2982341222881
-97.9304266428198 -86.6920658764718
-128.480590592113 -59.2952805686427
139.450043128994 -47.2871386687916
137.402477775539 -48.3168772395916
134.791432722224 54.4517682952166
-126.007260939614 62.6889031973467
79.2583697466095 -82.7548490836663
117.540808134792 73.1780512349192
-86.5010233828148 -96.5539150347684
-94.230663639894 -90.2467311042048
98.2039848933399 -88.0608024901215
85.9777803446371 -84.2333252267847
-144.228926486805 43.9930339357458
-138.833063029302 -44.3679249515456
-49.1291728813981 137.798583010324
-77.675414786167 77.2123036297932
-133.631249879797 -53.9377776754903
49.4953189832233 -136.898329672555
-65.7370703815963 67.0971377139509
-83.6191531319192 86.322537105976
-136.505766948802 51.6154582334958
147.509783453442 -38.6709206195462
68.9408151580725 -68.5500870349429
-133.631249879797 -53.9377776754903
-85.2967433484915 -91.922897433307
-73.2512562474259 77.7379846422424
-85.7217118409341 -89.3390792203016
62.0420196884624 -62.2013751345065
-75.4348849358822 -112.222154432467
81.5837999743852 -82.6361485258013
153.219234355015 35.1428321419706
75.7790812830473 -77.4905663585015
33.6535084397766 155.339857277186
-82.0148628687153 107.923175618702
85.1816926816134 -93.9005181057971
84.6324823806473 -84.6822647672905
-96.883175958253 86.4981752843448
-143.082002102798 -44.0066413728387
-69.6376623408292 71.8705310670558
-42.1072957260362 -145.77442027058
-117.995647273612 -69.4257293469879
78.8133373219537 111.550139302529
-80.3536940388407 -105.10469460028
-52.8179148158346 138.610447534699
-86.4287292824789 94.8606687029288
-109.182593395577 79.8876423452357
-128.443854919387 60.7244950462195
78.8133373219537 111.550139302529
90.6798324190621 96.2139340788563
73.7997209003075 76.4410440341717
157.955981055435 -26.0781769016603
78.969388214636 -84.0629926970723
-37.8111078883174 -148.405050466413
73.3444643923031 -75.7947347705562
-23.5839985248035 163.445953381679
-59.11141605922 59.6242114693784
-70.8270635985857 -68.8034248343338
-71.9070414214483 76.2200430539191
-81.9706099661045 79.6450765746295
-98.5880194684662 91.1944135878541
151.336971339903 -34.6900813643503
135.866874565206 54.3379218758596
-61.0505575128301 63.3686378991494
50.7336419320623 139.061511707938
-35.5992492214304 153.527348751575
81.1592604959042 109.664632979337
-87.7120496679429 -81.5090543501412
85.028714873827 -95.1309167150322
-133.777869049129 54.0127775635754
141.527424279386 -46.6135482780169
-74.3683288296829 72.2511762505647
-80.176494573874 77.5514724117146
-48.6253169860333 140.577836745133
139.136976668749 51.4726634549737
-112.105593661061 77.4574498117666
84.7257392171464 -100.724378180602
-86.6427502956523 103.041402933407
-152.528964321321 -33.3658451467936
-75.7541856405785 -112.913082850199
81.1187831842879 85.9079506032741
70.5300489303796 75.9265068660607
126.847633603431 -60.2451759741827
-70.9851405738927 119.803403295172
-95.7740153379047 90.2490895129188
87.6962666524335 95.4165527870995
-74.1362248881926 -115.10288127355
87.1478368131407 -87.2724400754617
140.659853888991 -46.7640488522326
-52.8179148158346 138.610447534699
-68.3188550539221 68.0224552526247
-103.927179499106 -84.3002874067084
-60.6374363944907 -128.520247487008
-127.010164348453 -61.4324811573642
-92.0656755661491 -89.5439018738439
110.003120384266 -77.4087255728225
77.784690977099 -83.811745098842
73.7852122596274 73.7897376695359
75.4659657333289 75.3283231034786
-62.1871124759789 128.046643105915
-84.4663120405967 80.6722593275999
141.346376689103 49.8348634243736
-72.1722342779637 -73.7442988557799
86.5145035073827 104.400446146095
-100.431994191638 85.6446922580641
86.566835218276 -94.367832956603
-82.7752457668335 -87.4839935776921
158.059051001691 31.0218422295869
78.4454014604183 -85.1038883529088
-137.667446994143 -47.3818921533149
25.6908409674222 162.256517693874
-83.338733605046 79.5159899951137
-86.502301460778 95.9793699051211
-117.156314750055 -68.0860921970577
129.984850858525 60.5739134849487
-147.028357375964 -39.9604656387449
18.5722681331518 -52.4948678844199
-92.2469095124804 -94.4161055227031
-62.1871124759789 128.046643105915
-86.17457994987 -83.1247178452485
72.679228710882 -111.409282217209
52.8510371152052 -130.306014695873
129.702552530539 -54.8249351308362
59.586995907913 62.7771490882488
-66.4544508160573 66.2999545927797
-83.1979353567628 107.345723427024
-85.2967433484915 -91.922897433307
-129.072543404791 58.1714444530979
-54.2156471556791 50.850111239745
78.4500962618543 88.2698743807861
-98.1006400479848 88.6552822561837
-90.5200516492638 -91.7371185551109
115.087766561973 -71.2563190607877
-53.0437710643301 -17.9667715162179
-53.9974901448621 52.4337653823258
-145.225894540194 -42.5134590700152
-78.6301861737339 -84.7203084192477
76.8977585895946 -82.4880527513613
-51.6341396661991 138.275891707429
-53.3363960909105 -12.0224921117687
-56.9945889828681 -132.626636677118
-87.3416465278292 80.8728396928903
155.712887266151 32.9271977041106
-46.8388658616047 140.362119730436
-108.840573325239 -79.2297192136412
-69.169969662097 -67.1809815956545
-86.4363212690454 -95.5691421090367
66.7943043950123 -120.596345754363
-79.3185750963456 105.548217254185
-139.009463295799 47.2348928310093
127.100920025052 -62.3564434988026
121.911956680628 -66.7717304798533
-45.2649094958969 -52.8925858059939
75.9081672545449 -71.7414665324745
90.8407051516333 99.6038121124745
74.5676213409557 81.5490092774026
-151.423934494968 36.5583045045326
-34.742611519483 -52.6113565915796
-95.6398771422205 -81.40324476177
156.982646324614 34.0772446868712
53.6416048809169 -44.9073981551575
-114.385126376899 -73.5590020505181
145.405479815496 -42.9613899263641
54.4265540446476 -128.347830273576
-134.568578883225 -54.1668649628234
128.867841850899 -58.7798355478777
137.591214339598 -45.8810804648715
134.166638545585 56.6299773026329
-90.3161729546131 94.8475123307539
142.089843959783 -46.8144976085795
69.0596624135325 -71.0818716100554
49.4953189832233 -136.898329672555
104.567613780032 -78.3855224215751
57.217016537679 -56.9279619362263
-50.0696106818511 144.057887768572
-92.8042747501102 92.8670926323667
-53.2114521396523 -38.3234479360302
-53.4043483151944 34.9940105314245
-95.9273908161766 -84.3608076704623
63.7524285208302 67.8621870977557
47.543891460939 56.2457008402411
-52.4361049399978 -136.959684850892
71.6157377152355 -115.453913593103
79.73566934269 -88.7919845616624
-31.7299221829282 158.16435904531
96.7150848684492 -81.8997238003681
-59.578991502979 129.091619487912
90.8059729119214 -79.8153413932767
-52.9823552096205 36.353949932348
-30.4677458265436 55.0694277629892
-99.704836199071 -80.9155960684738
83.5571200748886 83.1642164348045
-67.251061686667 125.777867361617
130.007707099893 -58.2968664485547
77.6105925006956 -85.9801240320131
24.3900392708859 -52.8328945890349
-31.492257512558 -52.5458928560787
-78.6733468605192 109.456726597096
-43.2772896222023 55.3219224343677
-78.1139706237333 -106.814576724048
26.5166286126388 -52.5610151024606
-141.47174951914 45.0948927663648
-6.10244863037618 -52.3143260940096
50.6064389932687 -134.273138103556
71.835746455204 120.100065951096
110.689456037934 81.3454566462381
65.2407615769171 69.9437206419818
-56.1043324234955 -131.764523270016
33.3117677271276 -148.113084614046
53.4828567951666 29.6210532138682
22.3406603457079 164.297495442219
-131.449022707245 59.0045713962311
-124.720620137915 60.8296147687101
67.7590063274863 69.387591515475
75.3297195765229 117.126265529207
-28.3600371017376 159.458880533251
-63.2602907537449 -63.5613905551601
77.6105925006956 -85.9801240320131
31.5150065470679 -52.218903026718
145.74711245308 -44.4751932531871
54.3808080871135 -55.3815048787952
-72.9741500243548 118.997818424951
132.197327540098 -58.2504605433199
47.543891460939 56.2457008402411
-111.276680547221 -76.2577663999566
121.911956680628 -66.7717304798533
76.6629642204545 84.3007432601454
-52.5708015400872 43.5762704295197
-145.172012140485 -44.0369564132503
53.990154521921 -54.1211935631146
138.160293788795 -50.5007871435975
89.6218916332412 -79.2652191922335
80.8028636757243 -106.720266322455
33.5677257975769 -153.46217904232
-129.271657028186 55.9523296788813
-44.2986912947283 -139.233473014301
130.708235803257 -58.2790639909949
36.424449685136 -52.6960312271654
-63.2602907537449 -63.5613905551601
93.7886766043009 93.5104891571302
-68.1174315865974 123.749814911124
-83.3998866579704 105.939699897541
-125.071103877316 64.7556009506411
85.6945656137476 94.0235402974172
142.122892475232 50.4056799102668
34.7247628701059 54.8809135278682
-91.0339326993788 98.7974761002257
-15.111765651234 -52.7971580550677
-68.6513471421637 -121.378616785434
-22.6895852736043 -52.8336076193305
-92.7393428506845 -89.9368019174063
-15.111765651234 -52.7971580550677
-70.7112842712391 -113.798301702634
30.7968315333724 -154.58475479655
-98.6175193328881 83.1686160113539
89.6293221618037 -97.2572979269356
103.671663800874 87.5257577738464
47.255420054504 -136.948021304002
121.911956680628 -66.7717304798533
45.4633934037195 56.1680483929171
-52.6933809444807 13.4526876843613
-120.448630987285 68.4468869835127
-96.4667105800914 85.0036242818775
-53.703361293202 -136.399343310446
-89.5891356735326 81.0826708400355
-52.7324743087958 -7.86981385028032
80.8664370066617 -96.2288549508328
58.9553358446124 -124.029896775544
4.0977309258141 54.7242429086661
-52.805050199554 55.7248736783557
-52.5977077958813 25.4274241679638
-35.418931880249 156.142564698408
-85.9311967532032 86.9474589756801
-53.3688968535238 23.5996345128548
-120.630217725831 -68.6262320376838
125.859383294126 -62.3380661349806
52.6352907660592 38.2164461059116
-111.173727817458 79.4372498505841
63.4064548264301 -66.1341655297024
61.4296019843399 64.6750752685388
58.9157394572615 61.2564006396866
-49.4152451921406 143.941335392616
-52.5642159674777 38.0138427807325
-116.922337768898 -71.9566350626245
151.458501494392 -38.5793480750959
71.7103144951229 -69.5888414382197
97.9110123629515 -90.2693893081283
-120.448630987285 68.4468869835127
-63.0682039862702 67.6041246839146
-145.172012140485 -44.0369564132503
74.6768637059398 -111.907426409285
53.0947663701666 48.2423230027335
-116.783853453512 73.7470171787727
-80.2929044143284 -96.0549175456162
136.296683575071 -50.8892147784059
152.349460916541 -38.6577157504881
-51.9127029611825 -139.425597775988
36.7746816735447 150.189159435552
-64.4089783525253 -66.3238276745131
-127.143753085283 -56.1995937283379
50.6032279700291 -51.5057489389966
19.6527433252776 -51.8197130595723
94.1217321772525 -89.4731256978252
4.0977309258141 54.7242429086661
-157.458875729731 -26.8933440576199
63.5927060996435 65.5063785172155
-117.571752931718 71.899270639928
-79.5290639987839 -72.9329298596821
-90.6010725308343 89.9025041159564
134.75747208538 -54.4238651922465
142.481093688651 -47.2067337160264
155.229438578775 31.2462755001576
61.922464589413 63.5650630290702
-104.904885069126 80.110604337929
-81.6120683390885 -95.4398805555726
72.3573345011724 -116.477048013187
94.7319250464598 95.9502377527744
-108.076144164591 -79.0471958292584
67.164708279616 -70.7958793529262
17.3837362867821 54.7880899896079
-74.2053609543636 -77.9356822298799
-103.130649744149 81.2666717724232
-95.6398771422205 -81.40324476177
-118.657996299229 -65.0524203239757
78.4500962618543 88.2698743807861
142.122892475232 50.4056799102668
-60.177343699604 133.60672353258
-66.1155772502334 -68.0653437988402
-100.554205069346 90.4430214784414
-123.385851836108 -66.4201503166709
115.605988001356 -74.5079128592686
-53.1124295548247 42.5468787706148
-72.9741500243548 118.997818424951
64.017355648287 69.2321645117703
-132.480386293116 -56.9223768333718
-75.7304914113614 72.5979852353211
-133.238572891419 -49.0456050407933
55.6468493457747 57.9972546052092
-99.3932379213141 -86.6555778068812
139.509512078472 -51.4617272330916
89.6218916332412 -79.2652191922335
66.4181008494538 65.8613988720548
68.4869427429151 120.420716316851
81.7998461984073 110.08933646525
-36.1434517658106 160.858985347578
-47.3587195393213 147.325339970818
1.77141525438571 -52.7577344946231
-35.1644663438536 155.515438235973
-134.852443192911 -55.0749546742655
31.528463773591 55.6675448304003
-37.3905594287394 157.048104345829
1.30730242924282 54.3923268595376
145.619079944976 -43.6384861694337
-37.8111078883174 -148.405050466413
119.955457826026 -70.364987521368
108.431581667856 -74.3347853377628
-88.5157506738344 89.4395243839477
2.61189228891483 -52.2257976680439
34.9461894573961 -53.0988177722672
81.8885603846293 104.751024638123
-86.7005443859749 79.9829345627938
-71.4684597023666 -71.1792699889736
52.4487196840087 47.2489370238713
-98.9585923183984 -79.8803367122406
92.1913085296264 83.7435574856159
31.7626115205031 54.0169910502472
26.5412983865691 55.2153614495457
59.4691616818113 59.2868697804081
-53.4350443807873 -23.1953497195012
-128.443854919387 60.7244950462195
120.980031250351 68.3558697442142
-74.8601307995939 117.744979844871
-38.5377977798488 152.119925694928
-57.0355082817285 137.943652491715
-78.9113349764134 113.890682416514
118.927431267888 -65.9488307371999
104.874710726604 -84.0602969684123
99.6892761383979 -79.2302397113469
-77.507774931288 106.602806979181
-53.3266840253966 4.46039321454659
142.089843959783 -46.8144976085795
-53.9927548560067 48.7583881912143
-111.652730004076 -72.5086218426488
37.5523817597474 -144.30269695505
-130.880113265133 57.5764031212063
-79.0342170594174 -96.5209731370426
60.0588017638543 -128.090478484513
-114.183154160754 69.8799379898604
-10.7669724412812 -52.8328230831455
-60.676809697159 -129.186273787709
-80.7656215728468 -98.1206783202947
-52.7206451889334 9.29703909639073
82.2789315082868 80.8144656565327
84.7773484754617 108.17010402246
-103.194026117116 -78.624357029843
-31.537065433173 -51.7013852896785
-52.377604988445 -18.2785636629773
48.1886173583981 143.221674005723
85.4227188054894 -102.330206419088
24.8170240711355 55.5981093237237
77.5032481806997 -110.477725150104
71.7502635295772 -70.425552716764
112.768805371677 74.2213476752289
-52.7549587554331 -30.7147096295497
138.160293788795 -50.5007871435975
-52.7808955487218 -42.3863256443234
52.5728670679698 25.4568959885617
-85.8978511889481 80.8559156007444
66.6082153833413 -115.841307415145
-52.0780639428743 30.0387529059408
-29.4938578290571 -52.9297894576735
78.159747275821 -102.298992820528
-52.7333857435277 5.03165862237878
44.541491285711 -144.951837410388
52.0954091270953 133.901447205351
118.240773194269 -67.5887811989168
52.983439412991 -29.1124003229211
116.052691914921 77.0853408637439
78.4657982203423 78.2012662237979
-53.8248758166743 140.773939078994
67.8058827580187 -72.4279291592916
20.369359250863 -52.8089340200667
78.7173066086927 -99.7417522241517
43.5089424251324 -145.150714418405
97.0135334422732 81.9997769992658
-82.5224960507405 109.324685570622
63.618286528199 -125.628602417558
117.540808134792 73.1780512349192
-143.589015266223 -46.4723498472403
-103.662195164207 -86.6693512157298
-45.5568381227787 149.814913946716
73.7642380952551 -108.013185543597
35.802928489135 -51.7823251202551
52.9510536556518 -32.3787105805607
-95.1930211329671 -80.4127724452219
103.884225807135 -81.5350947913713
76.9416038388249 -111.629907672542
133.380287824211 -47.832102437606
88.6472541656145 -76.4100032100981
47.880043544444 -133.611500566343
27.6230452305454 162.365798876443
-71.3989672777391 121.765714654582
-52.7146724401833 -20.0014136884646
-120.760030232675 -69.7445447365818
78.464688083231 95.5614973269728
-115.023794754125 -68.6723700617889
77.0667888638554 -70.815815897239
71.4678999941031 -76.9664253877172
-68.2529194168876 121.021441670269
80.991481370597 -107.82475165893
-74.9206939844301 -108.639452577514
153.698834925936 37.974116504639
31.7626115205031 54.0169910502472
-108.877310061871 82.2838686529541
-52.1366077866075 0.903214909490812
-77.5248084204014 -87.4051536894865
111.513633640266 -78.4924502679872
21.7115516662136 54.0892631367324
52.3223039795804 52.7782364248619
-130.177385043279 -59.8898563683017
157.466617379794 -28.7341826163365
158.721645125892 -24.0257079106022
-66.7262445462341 -62.2784620662888
72.8601976408175 -73.0790734898435
7.20467480745662 54.5773720342834
-90.3161729546131 94.8475123307539
-52.1038911282896 33.7443698075083
-58.711900533094 57.5690031695016
-52.7146724401833 -20.0014136884646
150.072181158815 -41.5010586074399
53.71851573516 131.916178453787
78.6010671524854 -91.8796488141889
40.8638091838578 -148.337048145819
-83.1027544464388 91.1529202542638
-53.1968203890698 140.564428976983
-153.354463662903 -26.6129588753838
-101.51617608751 79.6967551963652
-128.6629203043 62.3922354267742
-40.0954007621163 -51.6475549551127
-74.3683288296829 72.2511762505647
-130.447515420003 61.2529312956489
52.6859594557672 -16.8415237170404
75.965592783472 -87.0863775324317
-27.8130492177922 155.57807965023
-85.5366381825596 88.2725621764626
-116.118449761998 -74.0676588550844
121.911956680628 -66.7717304798533
63.4064548264301 -66.1341655297024
72.8386694856418 -79.7087973036996
82.4878909289181 -94.5781884212339
51.8532123308358 -52.7125695621016
90.5816715675168 103.335201214998
-77.3167924517722 89.9558944838221
146.752532467002 -44.4342566552817
-54.1767156951818 43.0605626511028
122.65191848751 69.0705446720303
-35.1644663438536 155.515438235973
60.2341425563451 -62.8290924776455
-66.6766939155108 -117.445624689539
90.0281550874439 99.5005311461477
-78.1188335145092 -105.488596529053
-52.4392736663993 2.92325015609303
40.6542036633306 -52.2073727514736
52.7843334094541 -4.75172500818952
52.6290492204013 14.2336788249394
-76.8865037514187 71.9384444162257
-52.4088228894482 -14.4416801971511
87.9533170879218 97.4441185465537
-52.5885839402818 -23.8636357169829
51.6433269644686 138.789878417538
-60.5641597181976 133.957098500482
-90.2441306631001 -99.8906371130127
52.155558478202 -51.6245373134728
143.321177560961 44.9515898023392
85.6173378676253 87.4237288548576
59.0039493106278 -130.331591159443
-51.5717004822453 38.2000102914979
-50.0160303606052 56.0612036587429
-6.67066599293224 -51.7366269256914
81.2045409364544 84.5985450137495
-142.293121632067 49.6213921561449
-52.172856995155 -43.6253359738598
156.286250611828 -37.9817657519783
39.0559042732031 -151.408680485169
-57.5711645682497 55.8709131528928
-36.0994084318771 -52.1534840690318
150.131160929296 -35.2273594459707
-54.6561995278412 141.59002195141
-52.7549587554331 -30.7147096295497
-125.427491113799 -57.5211272921473
70.4342705168672 -76.7610409251262
52.4487196840087 47.2489370238713
-103.146811289303 88.8270574099626
-100.366753973848 -79.4770158948958
146.364883175986 45.9988202870072
80.9368762560827 87.2799506164026
-57.4133816069374 138.295098702841
-134.196551291399 52.4974317067543
-79.9130142749285 74.2122768535446
-20.3874898172867 53.7197293782866
51.3685586122472 -138.571880800176
-57.4175980005338 -54.181005172293
-8.61614546992607 53.9406399778834
64.5303612577132 130.425843005386
24.3900392708859 -52.8328945890349
134.40065077262 51.7810438980279
90.359952771552 91.7860383236568
34.4471454110159 156.142560719802
69.2326046980375 -75.1988147327077
-55.531505968122 55.8406522051345
-132.087842369864 60.3028240286893
-14.4605506218025 -51.7755344551714
26.6133739701687 -51.8015795716054
-76.6629628678568 108.120495971309
-99.6029304099638 92.0414599450351
79.2066773353185 -90.3412251738821
145.74711245308 -44.4751932531871
82.5029610473801 76.4543150772752
-62.520495758331 60.1003675255958
-41.7355751641686 53.0792743502122
-38.779499619482 -150.978804356502
138.044024668289 58.2558336429841
-65.7629182751516 -60.9084689749822
144.471942635244 40.1212596128754
-6.15121950554385 -53.2636263937481
62.9895819990431 -67.2937147694459
-70.9919364619302 -120.70813927589
38.3353175557634 156.16599937407
-149.576230653224 -29.1412759959829
-41.7737806386488 -53.3178956317728
142.481093688651 -47.2067337160264
96.5534831471419 92.911474671788
-119.146469483583 71.9052640845568
87.3830046302921 106.939740660853
-123.875519930915 -67.0911501381855
-37.3836080726547 -51.6509594609014
52.3694669553217 -18.8239941550359
-26.6221245083431 55.5628800073949
-81.6120683390885 -95.4398805555726
59.3197456108651 -129.407581417186
98.5439484559355 -88.9349335066818
74.7602220063546 76.4387375633647
52.6849937096876 -12.3626868093583
-53.8763251955696 -28.0559072129997
46.0098379470257 54.2513446903161
50.8010044271269 54.1755377866383
-98.3297977899171 -78.8448335857604
117.464369881767 -73.4185094176351
52.6580103555136 10.6553152865915
-45.8718355642609 139.085865260002
71.805021308613 116.208953643881
-71.7483286189485 122.085117152205
-78.4241856119033 73.2036707515754
158.423030877635 -33.1699094873066
157.804206576675 -32.7297682648967
20.04373213244 53.7198659856706
-52.1711262386122 26.6510361262886
-54.1035529463112 -18.7767653150482
-148.898362025514 -37.4102391901639
-36.7371670123976 -145.364683921639
-77.9474942543406 -70.6418884744436
119.610027015495 -72.0394843473863
-1.10891953920865 55.5701305887191
-112.085051275429 -78.9604672308234
-51.3676125823149 29.813109711793
-53.6300323477995 -2.16485180503312
140.823429564199 -50.8980565992242
-16.450117970115 53.8922765565104
52.3815122024178 -14.7911604695959
-84.7871704780246 -105.491821095255
50.1298214030427 -138.190181621584
-64.0768073886712 130.025906719433
-51.697846274085 35.1599695056786
-57.0355082817285 137.943652491715
92.0031566183129 96.4509430716073
-86.8450507114064 87.8406616413097
79.0443752676023 104.399208501168
91.5362469687884 92.8892594703078
-93.097316081099 79.3657680664519
-80.4043357952751 83.1644161701116
-66.4842874687352 -66.1169537343772
80.991481370597 -107.82475165893
-24.7875741956491 -51.7420039763687
-52.3468741471452 144.624488658713
-52.0381802040777 42.3100907440512
92.0856074800873 79.6649164921387
-95.4008822471618 80.2588822049131
144.921161154241 -42.6660002727885
157.804206576675 -32.7297682648967
36.7917349543326 158.401896468026
63.0498321841029 -64.8139193061707
140.549749664663 54.2830828582903
-82.4892335716293 -80.9891173541374
39.6574021411874 -139.972460614312
52.2806725434426 20.2310434520037
123.666544815595 72.6599004399031
-51.3320717474341 32.981033378329
14.8037021980787 -53.1710006028856
-65.8072699980573 124.944395194499
-68.1174315865974 123.749814911124
-53.7722691095229 13.64395141903
-30.8262743426813 -53.3216167138342
-11.3651297651612 54.5484085862328
29.8750659169857 -52.6189916034801
-47.3587195393213 147.325339970818
-51.7958130222464 -140.928576429225
68.1090196259556 -74.8486844143094
-45.5568381227787 149.814913946716
-88.0598016245312 78.3465177144311
71.1385068740301 123.374551929101
-64.7808465265293 -69.285531306097
-40.9047140424886 53.6836805453511
-71.9264345033415 122.592161233521
-63.4009092066529 -121.417562790347
67.7225601997883 -68.1282866849938
63.0581266235047 129.977863593
-53.7394079086436 -138.367476746357
160.924912591971 -22.2715559635193
6.25363702725134 -51.4832048413632
-78.6892097758358 -102.610655420689
50.9622230761205 -50.4024689463353
74.2840881925334 -85.6140723765209
-81.5020961240031 93.8140944882779
-96.3038406031256 -78.9744145809869
50.9681212349536 -53.3556965153366
15.8574201167468 -51.8364331997056
-72.6924544222147 -71.5510115211397
51.4448000988106 50.0784675467211
-82.4177404086004 -75.4385906223058
62.7595284586783 -117.881663617259
76.7770830040226 73.8240514274485
-53.5336076388893 19.9661756339556
155.518195608823 -35.8191164573001
42.893519347947 56.8693817994027
-78.1642810225502 -94.5840979227313
59.4992382251992 58.3442509845912
-53.2388962579423 26.5817715920063
-81.3322203224224 -106.223259955266
89.4822159227744 -87.2744551183774
110.630885671256 84.0804644818559
41.763135242182 152.989903454026
-77.891213463704 -100.436772841033
78.9925148759109 100.359069535464
-54.5378760559656 47.7780908561978
-44.9081807849112 152.922375932788
-71.0602503032919 67.1387249816047
-2.85999385071851 -51.1934974415213
-47.8609108531709 55.5869334102549
-45.2082662766623 53.4911964101727
-75.4514638321794 117.859553695165
64.3827049742812 -68.9050818865009
-17.2753526600693 -53.1168869263987
156.066851695563 -31.8793060999441
58.3934798153197 59.848946102038
-109.335416400868 73.9630724787814
80.578269986533 -78.9567961160385
79.757647206181 -91.4294679889464
-95.285007349681 94.8185366996441
-33.4328205730091 54.9752020522569
-143.655420225346 45.8786382915534
-46.0096839664442 -147.314697888395
-87.0844381794544 90.1079218070202
-56.529097356472 -55.5277877025746
67.4525250193349 -122.303461789937
99.0021882974564 -78.5657730509601
68.0304203326023 -117.470316418164
83.1141714626923 111.004079395857
-95.5718492748801 97.1299978727111
-71.6394421847497 80.0537174444037
-129.676299122766 63.3301439272624
-91.3272754798227 -77.3704186468059
-78.1110783113735 72.053584283914
-51.7958130222464 -140.928576429225
11.16517469358 53.9668738084091
-89.5470971776368 78.2260345384826
-101.541105139552 -76.6427322440403
11.2343928324181 -52.3481631577733
72.1628229238748 113.498963762963
33.9557875314242 158.991070391521
-53.6258257220947 141.854571220006
56.3297660781026 138.455122142453
50.6617826741446 -140.643705816898
46.0098379470257 54.2513446903161
-40.0693014838797 153.107877179116
-143.655420225346 45.8786382915534
130.07073764324 -56.4805823319222
77.898575615284 -93.4604028207027
-95.5718492748801 97.1299978727111
-92.8042747501102 92.8670926323667
-53.9411182216802 -4.21932470698726
-77.4204502012386 -77.1175194866019
136.935779510861 -54.5703965688445
-53.4783275942561 -129.024685046922
-101.212332915537 -80.3664047711103
85.4227188054894 -102.330206419088
-44.9081807849112 152.922375932788
42.8724157097375 151.013161065031
-75.4789534608194 115.354906746044
-53.2388962579423 26.5817715920063
-87.1199079538943 105.6518583765
-59.6567766097611 65.7275917995869
107.95088038409 85.113205949532
-54.0007579515039 27.996380754286
-77.3479888706479 92.321739305702
-53.2388962579423 26.5817715920063
45.4633934037195 56.1680483929171
-54.7631795632322 42.3515110855168
-57.8942987238841 63.4952860150398
-74.1255923688345 71.1479254300685
-128.6629203043 62.3922354267742
129.195935825555 -61.5960274325947
88.0447158350658 -101.941807021471
68.9334882618009 -121.464720436386
-70.4992330963004 125.123733916255
-54.6561995278412 141.59002195141
55.4984363063397 136.798619688878
70.5107969933947 -111.107929173507
-129.676299122766 63.3301439272624
96.0844838848032 79.7036372433033
-82.2132345699469 73.758794651431
-138.01027517802 -48.1739628397072
56.5865470124401 -55.4344919687801
65.8015090737879 -114.951216594415
54.4003764455475 48.0074472976673
-39.5005061411681 160.404866656237
-127.902286711153 64.4168459021908
-53.7734787340935 -139.701940292813
-104.481083871414 -78.0838930834996
-38.7926380441139 -51.1308589777523
-83.2237235345405 109.896023459739
76.9338596944486 -97.784777242683
-68.2529194168876 121.021441670269
76.7773320277743 97.747839713793
39.6405003550409 153.346477770927
-63.15929590913 59.8572350648632
-46.2398872081693 143.370988149177
51.4150614716499 -55.9110077193524
71.9548565681633 -80.9591730528331
40.4057559961479 -54.3605852554357
16.4057846706419 -52.8180057827923
51.4150614716499 -55.9110077193524
26.3953687713203 160.885817233822
-4.14773839018611 54.0449345663682
88.0447158350658 -101.941807021471
69.7969239695089 74.3609633837376
-53.9977023330486 -0.714373657020126
-77.8546086547115 -104.317488112704
-103.705864016679 77.6079922982328
75.6642135557041 -68.1308070475249
-61.6857270378233 -128.982191315818
33.4395385787192 -53.4798182189243
-98.0954916152951 87.9216991635908
-70.3553350776132 -122.575738130418
61.4712925001453 -65.6427923696611
-54.6931843066913 -53.262295366283
45.8573477377288 -54.9537421858793
70.151074261648 -68.9051027998601
-127.556186491403 -54.7359462448855
-30.0146602083608 -51.2513949428151
60.3942329196851 66.9523711642186
88.5845111054784 90.2783105008535
130.946119193564 65.3359981124456
67.0846125746521 76.6411454780022
44.8426304541811 -55.5128063112975
-43.8311534629742 143.588338094125
43.4637682055969 152.13878108749
26.6878255420025 154.159101633655
-58.3202274794608 -61.1749051563504
-14.4850455295846 -51.1142113043002
32.487038701926 149.528930592659
-79.5067375793676 114.010099349713
-71.1856873175597 73.51735698409
74.4557623449462 -76.0177559786599
67.8733940140116 -123.199915918356
-64.5324384557229 61.4575117369521
-54.4170523982134 26.9980944724985
-77.1415447450711 -115.168804803325
151.025201107205 40.0844266757352
51.885919999879 29.0998462009255
-107.672268816572 85.306615092936
40.4057559961479 -54.3605852554357
-54.0007579515039 27.996380754286
51.4408973571409 42.603257819056
67.2011855511759 74.3975558212691
129.38892739122 55.7601784325706
55.0933196033484 40.7019627235197
147.694270628068 -44.4468641773403
129.38892739122 55.7601784325706
61.4712925001453 -65.6427923696611
103.663405388762 -86.4100224584328
65.7216250328031 -72.8294837815439
-126.92537241049 -65.2252040314308
-53.3363960909105 -12.0224921117687
79.73566934269 -88.7919845616624
84.3855940257328 110.393363903409
-114.7868458954 78.4523315401219
31.528463773591 55.6675448304003
18.3933358098121 -53.1408089878928
-20.4065930233751 165.277610027392
-116.466675151491 -74.3365402648744
-83.8745835114842 -107.857334473489
82.4440870403039 -100.182722753069
60.5810802427671 62.9837580881614
-59.2501108347235 61.5438468960456
-53.6279906808956 -33.7584966302444
-73.9546835763924 121.941701562499
12.8395568840101 54.2684244229765
69.2935742774092 71.8842019114105
73.77285496982 113.116713601781
17.2940815594562 -53.4983135172783
-49.052554169157 147.925945637152
-75.4101589991115 69.7161061926963
80.2775488839737 93.3850352737755
-51.9199469642616 -30.6937776241795
103.671663800874 87.5257577738464
-44.9081807849112 152.922375932788
153.886748870547 -40.270496472753
-54.7895988470423 39.8900439307748
-149.719325045671 -37.8858808058375
-89.6246681753247 -90.3096459996322
56.2890747615334 -49.1322614259289
-59.3525240241761 55.4306033726673
73.5495278298656 80.0661932412612
-41.0992986460924 159.784329453514
80.8664370066617 -96.2288549508328
63.6012118026178 121.295140605317
-78.3315765428658 -95.9649626503344
52.3134203271933 51.1611289446076
99.2329156078974 93.6074086050869
64.9174113176068 74.4371810789286
-76.7286297565293 70.9017168356927
-52.3631730757325 15.512346492348
-46.5727355372777 137.356147103063
93.2463018469615 102.898718034322
-96.4667105800914 85.0036242818775
53.0875539297627 45.8160084445043
-62.3822906445668 126.816168159591
70.6851905438858 125.199797719471
-29.477167106898 156.516745852473
12.0336621423217 -51.1728951573141
75.7532089224984 -98.1307261050721
-105.247440287547 -82.3560251411466
-33.8757932682693 -146.743279094105
-76.3163075319056 109.786508518861
-71.0602503032919 67.1387249816047
-75.2366876759751 -67.7796830471997
121.153308300441 -66.0052331278873
53.7942015566063 -35.4921167160695
-40.5803559760457 153.648169164312
-101.135448902661 -75.9270189580033
73.3967108774684 123.121451575616
77.5986758443073 94.7669029004242
129.984850858525 60.5739134849487
79.431987821519 -80.2985155553643
41.763135242182 152.989903454026
38.675079380893 -54.6856712368111
23.0813943777342 161.779609166346
75.2046572891713 -89.9527028435641
