23.0813943777342 161.779609166346
-34.0293673823703 152.514184682176
157.513909505652 28.9922182470455
151.582320580328 35.6485024826192
160.733199733129 -20.6756045881802
-129.072543404791 58.1714444530979
80.0855747571528 84.6245395275317
-62.3822906445668 126.816168159591
-88.5157506738344 89.4395243839477
18.81967719703 166.416096185898
-132.85938432343 -53.6587031222119
-47.3386051905412 -139.654367528461
-75.4348849358822 -112.222154432467
-70.9095838924946 117.879597723832
56.2654924982803 -128.866988352128
-142.17513912511 -42.3886249682643
-152.084964560072 32.3682099417021
158.721645125892 -24.0257079106022
-56.2670760177062 132.718157429063
-79.9334589155528 -77.3216368855593
-142.779882806371 -43.0276068885821
-112.524487590054 -74.159700200334
81.2226252566319 83.3124093312815
141.632746042442 48.3346528567965
-43.8311534629742 143.588338094125
83.5571200748886 83.1642164348045
84.6324823806473 -84.6822647672905
-145.907454588858 40.1374233883985
84.8897925684555 103.5082748883
87.8252533545343 89.4716016116762
87.6632312620131 91.8218558259888
-88.1428329490824 90.6789734475319
-108.076144164591 -79.0471958292584
40.3037024303441 148.81821467056
22.9583251877326 163.016230660371
-65.2982918138848 123.47896976931
69.7867109794412 120.054232599492
-87.5773630947486 -82.6855657391118
88.3363549008984 -92.1952304493962
129.984850858525 60.5739134849487
-158.008501650956 27.8764653360013
-85.9311967532032 86.9474589756801
90.3030289088374 -87.8499372723149
160.733199733129 -20.6756045881802
120.980031250351 68.3558697442142
-111.028790463573 -75.2006373268809
100.14188573716 88.8123361326866
158.119515528256 -23.5972077577141
38.745275247974 147.912636149792
134.92916464522 -49.2927911666785
132.301093731218 -52.6013333260288
-30.1196324590011 157.247268590957
27.7710259257371 -154.833403851348
-69.7134631113394 -117.969497878417
-52.8389846822025 -134.385369992791
-67.8135019602046 120.495059929925
-128.366867048519 59.636947319812
-94.0094218729072 93.1637350336791
-82.4774046925255 -85.0160842241104
-127.458888821481 -58.3385367234671
-88.0657585676867 -99.3230845383836
141.632746042442 48.3346528567965
-108.076144164591 -79.0471958292584
-89.6236059684857 91.8233905090602
-91.2118938650845 -86.9520852918358
89.0577014267596 93.6022103025228
-75.4348849358822 -112.222154432467
-90.5383519251823 87.728168221086
-85.0267903064903 89.62844942804
142.575706292506 -42.7145015910269
-111.028790463573 -75.2006373268809
-86.8450507114064 87.8406616413097
-88.0174497360424 -86.0475348441321
74.1742455054008 74.9782738162272
-133.777869049129 54.0127775635754
151.948116298044 -32.6026644072456
-81.5984957569511 106.998532170949
78.9433870082317 82.011114688496
153.888547719594 -28.3801103875599
-36.9851665837096 -147.947445299028
105.918588453187 -78.5956448984773
74.2499527187211 -73.8558170450151
-86.7077374819014 -86.6362833388898
-111.276680547221 -76.2577663999566
41.6630206481857 145.844494748076
87.1478368131407 -87.2724400754617
74.2499527187211 -73.8558170450151
88.2041791509735 -94.371012799998
45.1107927123427 144.374423251961
124.126727541973 -61.5756229228266
145.425681696965 -40.1980432623637
-130.271678603199 -56.8997420536305
120.980031250351 68.3558697442142
-81.3890877585489 -81.1274216875018
-73.2512562474259 77.7379846422424
129.984850858525 60.5739134849487
83.5224434907477 -87.392065924565
-111.276680547221 -76.2577663999566
-39.6609020278505 148.54526759805
22.3406603457079 164.297495442219
-123.14488775233 65.1553478216366
-40.6781897253846 148.679779821646
-62.8654999687822 -123.749297204814
155.712887266151 32.9271977041106
67.7225601997883 -68.1282866849938
85.934648751908 95.0735981110801
72.9909956896056 117.354522102179
74.1742455054008 74.9782738162272
-89.6246681753247 -90.3096459996322
-40.8300864783035 -143.41415924986
125.90346169182 65.2266935999376
159.371803825386 28.6090490621609
-117.571752931718 71.899270639928
91.8101720074969 -88.8012232476157
69.0763624319964 69.9167071937934
-73.5952831633623 -75.3032179358657
89.808727807858 -90.2128135260876
92.5749013040968 89.0871871475826
142.575706292506 -42.7145015910269
25.6908409674222 162.256517693874
-81.5984957569511 106.998532170949
97.9104654558241 -86.6701223234308
127.045830222437 -59.0673365207558
-20.4065930233751 165.277610027392
-94.77975224414 88.3692437779233
-90.3161729546131 94.8475123307539
-75.2449743388209 76.7975993402878
82.3402902752413 82.0221431811269
154.194928210045 -30.8673554509114
-86.6715979519097 83.0657168187277
-45.0808350030672 -142.393319345749
157.105270817327 -23.2832306065572
68.9408151580725 -68.5500870349429
155.793470921903 -28.1231468020755
75.7919379369951 115.055238694772
-26.8306838717196 161.40127193874
114.517789007964 76.6904449457071
-56.780739246554 133.146230381508
-75.2449743388209 76.7975993402878
67.8909815755065 70.3745004878486
-71.6123664458344 71.3455178543872
69.1557577309987 -117.329714444056
109.571825104139 79.8174402195537
74.3712744476341 78.9543278289638
124.00819929274 66.6402405539834
-75.4625808890649 78.0191617684207
68.2771758213845 -66.2362535268265
87.9089984481488 -91.3517021504204
-144.228926486805 43.9930339357458
87.1478368131407 -87.2724400754617
-127.262441204051 -59.546480804092
41.6630206481857 145.844494748076
89.2189348234835 -89.5584819855599
-65.1562354819109 124.595082314543
78.1005411748589 -76.5512338609193
-144.228926486805 43.9930339357458
69.6563465648179 -66.8006701802721
63.2795825394189 66.3901677656595
81.1915647738763 92.4011151655568
61.3250485244518 126.480712540774
157.955981055435 -26.0781769016603
-65.1562354819109 124.595082314543
74.5470512367156 -71.5126714239597
151.511022106049 -31.7287943179525
90.9933850551211 86.1671932122865
-139.064742781956 48.32092455039
-81.1016833823711 -77.3771379728364
-55.1219500680083 -131.706340947819
-88.0657585676867 -99.3230845383836
-70.9851405738927 119.803403295172
-98.0954916152951 87.9216991635908
86.834613647992 -80.324252116414
26.5412983865691 55.2153614495457
149.354381832193 -33.5509124482575
-91.5911862687655 91.9889471493497
-69.9426873180542 69.6262777009772
-28.5751712139901 160.725636056857
-81.5639869248674 83.0725787218585
62.0420196884624 -62.2013751345065
-86.3012908657233 -79.6478092448216
-65.8072699980573 124.944395194499
-85.618195861951 -95.116539041834
-37.7786317062503 -149.725672789958
59.8981175865722 -126.714514481459
82.4878909289181 -94.5781884212339
-90.2147098063536 83.1133848206607
-83.4459463233692 87.5267427648412
-70.9851405738927 119.803403295172
98.2297017986432 -87.0826668381146
75.7341440733399 114.167325452376
84.1575592428676 -82.4649662751583
81.3233869078989 93.7317743558545
-52.4361049399978 -136.959684850892
84.1159189665145 100.866076469925
-50.702850388128 138.001470451228
-67.8135019602046 120.495059929925
-67.8135019602046 120.495059929925
-52.1573918187314 135.45964885065
81.8867100960846 -79.123412538691
-20.4065930233751 165.277610027392
-50.702850388128 138.001470451228
151.948116298044 -32.6026644072456
27.606082925686 158.032591915268
-57.2963383153347 -129.137281313806
-37.6032167837199 151.029416379829
-74.1624372653848 115.094246361906
-56.2670760177062 132.718157429063
-46.4211345433457 141.71104015835
-64.0910295455192 -123.519610984549
-49.3448439040639 138.589120902855
159.917689992398 -20.4405371085723
159.917689992398 -20.4405371085723
-136.959287087923 50.0450826461176
-81.5984957569511 106.998532170949
59.7357727224415 -125.97834362957
-58.4423764373731 -129.00858783823
43.2184314663442 -141.774074717648
-47.3386051905412 -139.654367528461
59.7357727224415 -125.97834362957
-41.7616029767605 -143.676585950632
23.0813943777342 161.779609166346
-82.6376900059523 84.1613682922605
-152.084964560072 32.3682099417021
-146.444744266397 -37.5550439171607
137.402477775539 -48.3168772395916
85.6173378676253 87.4237288548576
-51.8626116971206 -134.312472750658
159.849920001489 26.6928288636408
-84.9164898084419 86.0643155231661
37.0287333483657 -146.398143126095
66.315259943527 123.002693064021
124.126727541973 -61.5756229228266
52.7491826548886 -131.763448663081
127.045830222437 -59.0673365207558
129.702552530539 -54.8249351308362
84.2446674330287 -81.0673086872971
-121.714841652649 65.7136386003698
28.0216690311802 -155.552315942922
-40.6781897253846 148.679779821646
76.9585830446351 -77.656946576521
84.6324823806473 -84.6822647672905
64.0356012931558 125.697512554185
87.6632312620131 91.8218558259888
46.3586459894066 -139.347324840472
126.95153060885 -58.1819552113502
151.639037467331 -30.4013153757677
137.394293654549 -47.1921713763391
84.2462647193498 -88.3213469375182
86.4749771524753 90.1235970718347
88.8552640277514 101.123863133649
50.6064389932687 -134.273138103556
155.910888481736 -26.7689730709242
-75.4348849358822 -112.222154432467
68.0304203326023 -117.470316418164
-79.2551751745949 83.1738186643122
86.4749771524753 90.1235970718347
94.3612496166094 -91.395349882892
80.7450229959001 -81.3891561089317
-67.8135019602046 120.495059929925
-75.4348849358822 -112.222154432467
-68.2529194168876 121.021441670269
-71.3148346487626 118.424644412664
-136.959287087923 50.0450826461176
-78.1311333722066 81.862965312248
132.603129355583 -53.380065537183
94.3612496166094 -91.395349882892
45.1107927123427 144.374423251961
89.808727807858 -90.2128135260876
-87.0844381794544 90.1079218070202
-140.830174957925 -45.7525152455769
135.337777423701 53.1336803994845
90.433042681965 88.3669099635779
22.3406603457079 164.297495442219
-40.6781897253846 148.679779821646
-53.4826686450817 135.873731522432
157.513909505652 28.9922182470455
147.584048404545 -37.3138807804483
90.6886948004871 -84.3664245661338
-87.8206981703955 -91.2481190631983
-75.4348849358822 -112.222154432467
80.4340945100701 -82.6837694780634
120.980031250351 68.3558697442142
-141.525697689301 46.2413916728924
-77.6813484237591 -109.458844066311
-89.3872849696595 98.8491394982182
155.229438578775 31.2462755001576
77.8702345573158 83.2146930503904
139.92302622478 -45.0277876890833
78.1005411748589 -76.5512338609193
81.5526168824715 -80.2863028536458
-89.1970454425104 88.2619733717272
-88.0657585676867 -99.3230845383836
45.2496261824472 -139.333669375442
141.632746042442 48.3346528567965
-72.9780916447228 76.4085955798429
85.9916482983268 -98.8544250476978
106.340445098213 -79.5801159057251
78.1005411748589 -76.5512338609193
87.9576382993204 98.3891266631574
56.3183940508 133.674642537117
-59.7039765875742 129.893025629135
27.5025132030205 -156.819490149251
90.2625778166874 -90.9212886008053
-154.569614070788 -28.0051509467289
87.7653789960068 -85.857108080452
76.9585830446351 -77.656946576521
-70.5098188450213 74.6328093609434
-80.4043357952751 83.1644161701116
82.8403986025119 -82.6981584466391
-156.780233172221 -26.109794423782
-111.028790463573 -75.2006373268809
-102.430448456203 84.6891594046123
-83.3438056331555 -103.686706999507
77.2478412066985 -108.832381058199
-83.3998866579704 105.939699897541
-78.0882515426087 80.665809402398
-31.3636669584382 154.278811182036
85.4881491265066 -85.5834378847292
76.7593245230794 -75.2690797982737
90.7701934786948 -92.3863608119659
119.727860644158 -64.0988762187714
81.2045409364544 84.5985450137495
135.866874565206 54.3379218758596
87.8963405853395 96.4213059226841
135.866874565206 54.3379218758596
90.7463981253032 90.3713518248477
78.1441870165658 -77.734231161756
-48.5960789546155 141.659328286906
-124.621362753622 -62.7724727190141
88.5845111054784 90.2783105008535
117.540808134792 73.1780512349192
-88.9832742796998 -89.6788098333056
80.8540146408145 -85.2653337508442
84.9521833292644 -89.2247532340527
87.7220913543084 -95.7116795113992
-86.3434729345433 84.2942437418804
93.7313283370018 91.1271444045498
63.0443722005447 -123.222494282289
-88.835989700192 -94.8812780450323
-74.0878428462432 76.5968901375775
-73.9209061489167 -112.763210127116
-79.1005966354349 84.3852480815568
79.4955138632426 -81.5114477939199
90.2110767283428 95.7567027522105
-72.7389519555599 -115.460639379505
143.371731495791 -42.9214239553334
-75.4348849358822 -112.222154432467
-65.1562354819109 124.595082314543
117.721563776093 72.1184049513794
-148.022693057425 37.0894076041143
124.126727541973 -61.5756229228266
109.571825104139 79.8174402195537
-61.5319988900426 -126.513958510548
-39.0101743852618 150.901738251668
-74.7543727320576 -75.5224562987323
-90.6010725308343 89.9025041159564
69.1557577309987 -117.329714444056
40.1603959616722 -144.080887627186
-109.182593395577 79.8876423452357
-84.6559731280846 87.2982341222881
88.6995397207849 -83.0923509610917
-74.0878428462432 76.5968901375775
66.8005865363133 70.9279339351581
86.3639397414413 -82.8851033026782
-77.675414786167 77.2123036297932
75.6206155779464 -75.1955211366698
-59.578991502979 129.091619487912
135.352506576526 -51.1160924376697
81.0987057432899 80.8091717750137
66.8005865363133 70.9279339351581
74.7602220063546 76.4387375633647
-85.0544945432571 83.8368925900839
-58.8420608904908 -129.679519753828
-89.6236059684857 91.8233905090602
-94.0168647277866 -82.7750558981505
77.091879235993 -80.1227505739151
-130.880113265133 57.5764031212063
93.1135495245307 -89.5950634111144
151.336971339903 -34.6900813643503
-70.2553811421403 -70.7722428780758
124.105556678565 -62.5396660839086
82.8566117805467 -88.8003582294696
45.1107927123427 144.374423251961
79.2186187113147 -75.5004955028311
80.684065385033 -105.90264761708
-95.2165312928678 -85.959725431544
75.7790812830473 -77.4905663585015
-69.6376623408292 71.8705310670558
-56.8380082752701 133.591818527032
69.2935742774092 71.8842019114105
-73.8062045867046 75.3375682754217
84.1255691206668 -90.6077636685556
97.2059613520182 88.899020681164
-39.7919206489268 -146.029288803162
-150.601553450019 -32.7307656038976
97.2059613520182 88.899020681164
71.6245953971569 -112.96970999371
73.0854527722709 -74.403366039449
-83.2474817426094 -86.0631107846474
78.1441870165658 -77.734231161756
46.3586459894066 -139.347324840472
82.8566117805467 -88.8003582294696
139.136976668749 51.4726634549737
-78.0066293224744 79.4972758739085
134.791432722224 54.4517682952166
-85.6678220892177 92.9556246932712
-134.011630611814 54.7617992214371
70.8817304562712 71.7273886197179
-94.6925168945989 -84.3481114632155
-42.5974022662776 -144.090994472846
78.8133373219537 111.550139302529
-64.1493619433983 -124.460678472119
137.402477775539 -48.3168772395916
73.7852122596274 73.7897376695359
-103.488633632256 85.5616773635558
-82.5720576165677 -79.8460274670054
-89.8691499456046 -84.1798566315373
-66.975883646318 67.538752522755
-47.3386051905412 -139.654367528461
90.359952771552 91.7860383236568
-27.8113594408922 158.60582912483
-97.4712514863766 91.6119671207982
-89.0018191173513 91.1446266871199
124.126727541973 -61.5756229228266
109.129391818983 -77.2707343008968
-43.4491853110723 146.569156463203
-65.8072699980573 124.944395194499
66.9115275651072 -65.7060610798109
79.999636061131 85.9053850863233
144.921161154241 -42.6660002727885
86.566835218276 -94.367832956603
84.7361985608421 81.8558286511124
75.7790812830473 -77.4905663585015
-99.4508394561351 85.7246419908671
-88.8719622444027 -86.8066838717308
74.6768637059398 -111.907426409285
-145.32091173888 -40.9176529044781
-62.1871124759789 128.046643105915
-157.425801652317 26.8450854435713
-108.076144164591 -79.0471958292584
40.1603959616722 -144.080887627186
40.3037024303441 148.81821467056
76.7600628007175 81.8527992503554
63.7934575512196 127.503870487662
-78.5317086196343 -109.568073558866
120.980031250351 68.3558697442142
-91.4471419829945 -92.814117734522
-93.699704034325 88.3070398278389
-86.4363212690454 -95.5691421090367
145.425681696965 -40.1980432623637
-57.2963383153347 -129.137281313806
144.591447503764 -38.8320816717212
-75.9914169692345 74.6816260274464
151.336971339903 -34.6900813643503
-50.9774081772931 -137.757954101424
-94.667479269212 -92.5492299973362
-68.3188550539221 68.0224552526247
-77.675414786167 77.2123036297932
109.129391818983 -77.2707343008968
72.3697575263307 -71.6892541693417
-123.829163520399 -64.2077802406082
79.2186187113147 -75.5004955028311
135.337777423701 53.1336803994845
141.632746042442 48.3346528567965
44.585465439733 143.735073517863
-82.3642943870681 101.575670338498
74.5470512367156 -71.5126714239597
142.575706292506 -42.7145015910269
80.7450229959001 -81.3891561089317
85.6360520827669 88.5638297670004
-48.5960789546155 141.659328286906
117.721563776093 72.1184049513794
-85.2967433484915 -91.922897433307
59.8981175865722 -126.714514481459
-111.605958362397 -73.7584220574984
-81.1878907803998 77.3388879241389
90.2110767283428 95.7567027522105
-143.082002102798 -44.0066413728387
-66.4842874687352 -66.1169537343772
150.131160929296 -35.2273594459707
90.2137077941991 -94.408459584685
-87.2681391687245 92.2216068301253
-80.1183070671746 -81.8054996975219
137.402477775539 -48.3168772395916
-99.3932379213141 -86.6555778068812
-59.11141605922 59.6242114693784
-50.5121075123928 -134.579477776085
62.2435656463433 64.7443164463612
88.366345796046 84.4486332411949
-70.9851405738927 119.803403295172
-71.2774425905866 70.2182079919447
36.7746816735447 150.189159435552
80.4001787538588 -89.7222913545076
72.0243876556355 -74.2696872097702
66.1019380362314 67.7187487855901
-71.9585241057702 72.5434577706451
129.717237647267 -55.8197755558626
-48.6253169860333 140.577836745133
-59.578991502979 129.091619487912
-30.1196324590011 157.247268590957
-50.702850388128 138.001470451228
-50.702850388128 138.001470451228
-30.1196324590011 157.247268590957
-37.6032167837199 151.029416379829
45.2496261824472 -139.333669375442
113.392824727992 -71.5921628379372
-152.219016985011 33.6582956809827
-123.14488775233 65.1553478216366
132.301093731218 -52.6013333260288
-68.2529194168876 121.021441670269
94.8274757904429 -87.2192954339859
-45.1797986290755 143.369874577521
-89.7773892650027 89.3695794639824
-70.9095838924946 117.879597723832
53.8904298606085 -131.615696267094
-71.3148346487626 118.424644412664
132.603129355583 -53.380065537183
142.575706292506 -42.7145015910269
-155.827174382467 27.9195119966152
-86.8320463922291 101.920847716823
-131.114975702883 55.3824626796806
-123.14488775233 65.1553478216366
-71.3148346487626 118.424644412664
-129.072543404791 58.1714444530979
-38.7959447328968 148.216048551794
-81.6859561901454 81.8612304409924
-88.5157506738344 89.4395243839477
-121.572748122891 -65.3995933021863
-128.366867048519 59.636947319812
-153.650618489903 -31.2859126250408
-87.8206981703955 -91.2481190631983
121.120626842095 -65.1167859230883
134.791432722224 54.4517682952166
-143.693231920254 43.2511940871519
-134.196551291399 52.4974317067543
-142.17513912511 -42.3886249682643
-57.2963383153347 -129.137281313806
-148.022693057425 37.0894076041143
160.924912591971 -22.2715559635193
-113.9997687193 74.0815471740613
127.045830222437 -59.0673365207558
-71.3148346487626 118.424644412664
-47.3386051905412 -139.654367528461
129.717237647267 -55.8197755558626
84.9097884551883 -86.9463076003638
-87.0922255867234 -89.0313572876726
62.1531620957608 -123.191977494757
84.6324823806473 -84.6822647672905
-155.827174382467 27.9195119966152
-60.7415024760505 -126.293611796088
27.7710259257371 -154.833403851348
85.0661284343898 -83.3539919390875
-89.7632300924612 97.7295369841705
-37.8111078883174 -148.405050466413
-20.4065930233751 165.277610027392
87.3292528491957 -83.7001040182201
106.340445098213 -79.5801159057251
82.2045528520209 -102.27506283795
-148.768673455992 -35.5448608530423
-53.4826686450817 135.873731522432
-79.291263240687 80.7427870425184
-34.7129770981597 153.120448662565
-86.2440912517255 -88.0163741181842
-154.569614070788 -28.0051509467289
-47.3386051905412 -139.654367528461
79.2925698766282 -78.9069991983715
-58.4423764373731 -129.00858783823
-87.8206981703955 -91.2481190631983
153.219234355015 35.1428321419706
-136.959287087923 50.0450826461176
78.1441870165658 -77.734231161756
85.0661284343898 -83.3539919390875
135.352506576526 -51.1160924376697
144.102760533691 45.2997005703695
-76.8998192901401 80.5611745559096
77.958540314664 -75.3776914946253
37.5410671182635 150.667135234703
-84.0875924793108 104.093872019161
-108.41217104089 79.7188630627598
87.6632312620131 91.8218558259888
-132.85938432343 -53.6587031222119
-58.4423764373731 -129.00858783823
77.0437386914688 -78.8862891676804
106.340445098213 -79.5801159057251
-148.022693057425 37.0894076041143
-49.6859905788607 -136.880506037987
79.431987821519 -80.2985155553643
-146.902252730351 -38.3973840165459
-88.2172848507031 87.3899728611457
-90.1581687357716 -86.6111636161206
-37.6032167837199 151.029416379829
-78.0882515426087 80.665809402398
42.4250282886564 146.273839047544
-133.777869049129 54.0127775635754
79.3751076374777 -77.7788410581404
27.7710259257371 -154.833403851348
88.3687796053203 -93.2605215821322
114.369115994742 75.9382678713087
-95.7740153379047 90.2490895129188
60.574868334962 128.589030637792
-127.262441204051 -59.546480804092
94.3803283837611 -89.9066815269976
82.7462890492699 -103.271759715788
61.9452724681155 128.223335635356
79.346093282736 -76.6414529773972
-53.4826686450817 135.873731522432
-79.2938357542921 81.9315085794667
-85.9311967532032 86.9474589756801
93.1135495245307 -89.5950634111144
-25.1061916055864 160.240158027607
-114.792410536077 74.2304528019913
-86.3434729345433 84.2942437418804
-127.262441204051 -59.546480804092
42.0343584949695 -141.807975050403
158.721645125892 -24.0257079106022
-78.0066293224744 79.4972758739085
-85.7800681553095 101.904718246162
-80.4739872192456 81.9313251066221
-85.9311967532032 86.9474589756801
-68.4678085977321 -118.231009992967
86.8769322821169 -85.0652520329688
-73.9209061489167 -112.763210127116
124.105556678565 -62.5396660839086
-90.1581687357716 -86.6111636161206
154.194928210045 -30.8673554509114
90.1710958459486 -85.7849983400237
88.9122342838882 92.4495457337275
-32.730627891901 155.589432575236
-108.076144164591 -79.0471958292584
92.4648332232679 -89.2411832199438
87.2782094024108 93.2304194711979
-116.368160604715 71.2026849773082
-68.4678085977321 -118.231009992967
78.2689029343877 -80.2381932195411
-83.6191531319192 86.322537105976
157.466617379794 -28.7341826163365
90.7463981253032 90.3713518248477
-71.4419109759312 115.88516506388
-87.8206981703955 -91.2481190631983
105.708452854653 84.1021060015928
-145.32091173888 -40.9176529044781
160.389783897466 25.1063835276777
-19.8795653027821 166.646595447794
49.6877973222691 138.992315383502
78.9433870082317 82.011114688496
-64.0910295455192 -123.519610984549
80.3761931394311 -80.0874311874843
-136.505766948802 51.6154582334958
88.5863873543492 -88.8589796432426
-130.271678603199 -56.8997420536305
-89.5263579048109 -88.2431426214447
90.5683911143042 -91.669356576256
61.9452724681155 128.223335635356
-138.01027517802 -48.1739628397072
-78.0882515426087 80.665809402398
-99.0768994386721 89.5512453394799
-56.780739246554 133.146230381508
81.2569225611952 -83.9766385436687
57.0515859361033 -129.036683211615
36.3042229408702 -148.78395039961
-84.0875924793108 104.093872019161
-32.730627891901 155.589432575236
-81.5984957569511 106.998532170949
83.7531215821036 -83.7198604554618
49.6877973222691 138.992315383502
-37.8111078883174 -148.405050466413
56.3183940508 133.674642537117
-114.792410536077 74.2304528019913
-142.17513912511 -42.3886249682643
-89.6236059684857 91.8233905090602
-92.5413706667915 88.3026521654732
-128.366867048519 59.636947319812
-49.3723986430538 141.678619781754
69.9547678864489 -67.8876736958716
73.7182813854908 -72.6180732747271
-89.7632300924612 97.7295369841705
-107.812908472319 -78.1036792557182
-113.9997687193 74.0815471740613
-88.5222128649089 -88.1767933784369
88.5570383365914 -97.2963741190548
139.853714747223 -43.9920762319467
80.578269986533 -78.9567961160385
79.3121388549607 -106.250534670699
84.1575592428676 -82.4649662751583
-46.8388658616047 140.362119730436
53.8904298606085 -131.615696267094
94.1247813497391 -85.0867069031096
61.9452724681155 128.223335635356
30.8443940030632 157.113645650963
108.1558433161 82.1457537782444
-89.6236059684857 91.8233905090602
84.9407021494667 104.054196705522
18.81967719703 166.416096185898
-117.995647273612 -69.4257293469879
49.6877973222691 138.992315383502
138.341517547549 51.2137771707624
150.131160929296 -35.2273594459707
-72.3194894806403 73.8031570323574
-80.4043357952751 83.1644161701116
-92.8042747501102 92.8670926323667
37.5410671182635 150.667135234703
-76.6470870027536 78.183725621488
160.424927275539 -26.2892754882255
86.8769322821169 -85.0652520329688
-38.7959447328968 148.216048551794
-93.8395094686099 92.6859436816549
-35.749243916712 -150.875551861002
88.2041791509735 -94.371012799998
-91.4279520617275 88.1982320120212
-127.262441204051 -59.546480804092
-84.9231916947553 -84.8685770032959
47.5947125993586 141.50244375293
78.1761064590192 111.302764270887
105.628125802993 85.128409739756
-126.007260939614 62.6889031973467
137.656010554999 50.0993323548866
-120.448630987285 68.4468869835127
-114.792410536077 74.2304528019913
137.402477775539 -48.3168772395916
111.644419042613 78.2233921545831
-87.4297029511667 85.2256865146207
94.1864397942341 -90.8828195531589
-87.698774566657 -89.9741368916815
161.350793797858 27.0982615495819
-39.0101743852618 150.901738251668
-88.5157506738344 89.4395243839477
-81.1515136595327 106.423859738117
-145.955992748038 41.395335087753
-93.8395094686099 92.6859436816549
72.3697575263307 -71.6892541693417
83.5489740831464 84.376705541588
-23.499266278901 162.286466039005
-154.452017599348 31.8878571486921
-94.667479269212 -92.5492299973362
82.0479158589883 -81.4035972196023
90.6798324190621 96.2139340788563
91.0928627865305 -88.3409053196911
155.712887266151 32.9271977041106
89.5000133170095 94.3529896277005
-79.2938357542921 81.9315085794667
-28.8807371238952 161.424291853667
-106.643034688812 80.1142645292426
85.7396145160667 -100.764543280232
98.2297017986432 -87.0826668381146
90.3030289088374 -87.8499372723149
137.402477775539 -48.3168772395916
50.7336419320623 139.061511707938
-88.5222128649089 -88.1767933784369
96.2636404863932 -85.0168101322045
-85.4221164850001 82.9621833428404
-78.0066293224744 79.4972758739085
-83.7834221692857 -93.133412982953
117.540808134792 73.1780512349192
64.2921626311444 -120.66525117434
-120.448630987285 68.4468869835127
-130.271678603199 -56.8997420536305
135.866874565206 54.3379218758596
-35.1644663438536 155.515438235973
-60.9846197378494 -124.653737260993
112.099553653272 -74.7737906063708
-71.1856873175597 73.51735698409
114.786673035271 -69.2473558079733
-87.0844381794544 90.1079218070202
71.7103144951229 -69.5888414382197
75.6206155779464 -75.1955211366698
151.555139304341 37.761482388815
-85.5663374173266 100.117817208476
81.2569225611952 -83.9766385436687
51.8165496336961 136.474569345044
-98.4322942430066 -88.3485618287048
74.6768637059398 -111.907426409285
-89.5263579048109 -88.2431426214447
67.4260041683757 122.858314887567
-85.3720360323836 -87.0120311767292
45.4645411744797 141.323511342137
-70.7724863911156 72.1928335399056
73.2636176114137 74.9513292591359
-79.1005966354349 84.3852480815568
-98.4322942430066 -88.3485618287048
76.4741949019624 79.2400020284235
-74.9919152294153 75.5882921352532
68.0304203326023 -117.470316418164
70.5142262414416 73.2857207235423
130.07073764324 -56.4805823319222
85.3258775827128 89.955560063181
90.6798324190621 96.2139340788563
94.3803283837611 -89.9066815269976
131.515273728353 57.4851858475363
-152.219016985011 33.6582956809827
-130.271678603199 -56.8997420536305
68.9408151580725 -68.5500870349429
153.888547719594 -28.3801103875599
88.5570383365914 -97.2963741190548
85.5260168368525 -90.1987501371159
74.6768637059398 -111.907426409285
29.4862897914494 158.983941524354
25.6908409674222 162.256517693874
68.5282856253652 68.6468481011341
-81.8220198321424 80.7174977552725
-105.247440287547 -82.3560251411466
111.625249790427 -71.5615398722327
-88.5157506738344 89.4395243839477
-42.0478818107771 149.480652472663
80.684065385033 -105.90264761708
-83.7820728450033 -83.2504853921358
86.6361188925516 -81.5764600412782
-74.1624372653848 115.094246361906
-155.827174382467 27.9195119966152
-71.9070414214483 76.2200430539191
70.6143136806876 -70.2004702586549
83.5224434907477 -87.392065924565
-96.9807290816647 91.1982205051702
-67.4896268018441 68.8308189749726
-71.6123664458344 71.3455178543872
-95.2165312928678 -85.959725431544
-138.525358404384 -48.813843568522
-52.6866011880461 137.955001769575
-58.8420608904908 -129.679519753828
31.0482569202329 -150.672415495258
-96.883175958253 86.4981752843448
-28.7633878377962 -156.408931550437
87.4290061241065 -90.5909499430768
-117.340510140291 71.1541661965965
139.450043128994 -47.2871386687916
72.3697575263307 -71.6892541693417
-79.2584539101837 79.6041253424091
78.8391388600585 85.7751440742872
-126.007260939614 62.6889031973467
71.7310881378834 -72.9145804016979
62.2435656463433 64.7443164463612
148.217660090584 -38.6965210403118
-79.2938357542921 81.9315085794667
60.1463588373016 61.7013507723475
-74.9919152294153 75.5882921352532
-97.4712514863766 91.6119671207982
68.9408151580725 -68.5500870349429
66.7010014282376 66.8922829800764
157.466617379794 -28.7341826163365
-78.922605079123 77.3983899837061
75.4659657333289 75.3283231034786
-92.7393428506845 -89.9368019174063
-87.7120496679429 -81.5090543501412
-26.8306838717196 161.40127193874
112.099553653272 -74.7737906063708
-128.443854919387 60.7244950462195
-117.733164220496 68.9314751792492
66.209026577361 -120.609455539018
-142.17513912511 -42.3886249682643
-88.9736146925074 83.6131972633684
-152.528964321321 -33.3658451467936
151.582320580328 35.6485024826192
-38.8472838856461 153.42074360126
87.1478368131407 -87.2724400754617
66.6721472129762 121.283574954881
-25.6300364601978 164.109562121521
-72.9994539097991 -72.7717706731813
-123.209281029063 66.1180526058697
-69.6376623408292 71.8705310670558
-85.7800681553095 101.904718246162
-139.064742781956 48.32092455039
-73.2175181737037 72.924847573374
-128.480590592113 -59.2952805686427
70.8817304562712 71.7273886197179
131.515273728353 57.4851858475363
84.4825022619138 99.3871431023081
57.9837081884965 -125.432141775436
-134.011630611814 54.7617992214371
75.8843235182812 -78.7433762776836
-147.028357375964 -39.9604656387449
133.163128845298 54.8402190344046
-27.8113594408922 158.60582912483
82.2558776416565 85.7718951648669
-50.9774081772931 -137.757954101424
77.091879235993 -80.1227505739151
90.0281550874439 99.5005311461477
24.798322544435 -157.700382319076
-117.571752931718 71.899270639928
-81.2615143578776 -107.303077044622
73.0854527722709 -74.403366039449
151.511022106049 -31.7287943179525
98.4527724054619 88.5019639307601
-111.276680547221 -76.2577663999566
-112.105593661061 77.4574498117666
-89.0537289010692 -95.6166742436803
67.2192012559293 -66.8442987258019
-60.1948322212027 131.335512205501
-70.2997994876082 -118.428139873712
-56.6323608982465 134.465358470893
44.6160550618482 -141.575019659694
46.3586459894066 -139.347324840472
78.6043404472916 86.9232347956087
-42.0478818107771 149.480652472663
82.8566117805467 -88.8003582294696
-67.836935782943 122.404011516865
-45.3593686071781 146.784374226223
154.647751204135 35.0070188420616
84.4825022619138 99.3871431023081
75.6206155779464 -75.1955211366698
81.5449625732695 -89.2252096774967
79.6520230679381 -85.4637809820372
81.6047678176322 -86.6609206674704
-85.6141975682157 81.8761294618336
31.4280519842721 -153.224269080458
76.1895052066971 77.8992368031844
-80.4739872192456 81.9313251066221
-143.082002102798 -44.0066413728387
63.875547554614 -62.5183439292335
-144.228926486805 43.9930339357458
-22.9103461341969 167.18625573411
133.217706197125 -54.5348101426417
-130.271678603199 -56.8997420536305
61.3892741949193 -59.2546777021376
70.8817304562712 71.7273886197179
-67.4758708937345 71.2334923594
-84.8297483281068 95.615218361877
-86.3159962661367 -102.123276943617
93.4365222313021 87.5966300072569
151.668719196889 -35.3348547485904
136.296683575071 -50.8892147784059
-75.9914169692345 74.6816260274464
84.6135610040492 -98.8249906280502
-90.994975652656 86.2333862809086
-53.4826686450817 135.873731522432
-88.9651419850248 -82.1410073296405
-86.27178919785 -81.9685392104511
84.4232377633601 -96.7170182781114
68.5640038547749 -67.3500619299996
83.1692120081271 -98.7145541240134
144.921161154241 -42.6660002727885
107.080530239248 81.2471164287172
-153.650618489903 -31.2859126250408
151.011294975897 39.1434420004695
78.9433870082317 82.011114688496
-146.444744266397 -37.5550439171607
141.527424279386 -46.6135482780169
37.0287333483657 -146.398143126095
-83.3998866579704 105.939699897541
80.8906487854978 -88.116215775075
-70.2997994876082 -118.428139873712
71.7502635295772 -70.425552716764
-75.7541856405785 -112.913082850199
72.2980552532579 -75.6602540358227
-82.0148628687153 107.923175618702
-53.7033433686428 134.654739260065
-84.0878919522208 100.648798333335
-113.35559370544 72.703147800344
-74.7543727320576 -75.5224562987323
-67.8499415435118 66.8481337810297
157.903012456596 27.4638509216337
73.3768678296576 81.0148486165778
-121.714841652649 65.7136386003698
-151.447397907373 -35.4312835507309
79.8254489915807 -87.2448861129525
132.442750145258 -51.4493886099351
-89.1970454425104 88.2619733717272
-50.9774081772931 -137.757954101424
75.9081672545449 -71.7414665324745
-51.8626116971206 -134.312472750658
32.9294060493279 151.857165870278
-67.2932476096359 -120.884720168522
-137.539835623373 -46.3991410303361
158.059051001691 31.0218422295869
-61.0619681049004 129.782439769351
-86.6427502956523 103.041402933407
96.2056329170517 92.4867074371547
80.684065385033 -105.90264761708
-94.0168647277866 -82.7750558981505
58.5823042013219 62.5698577467978
59.5978319561685 -57.4713749932227
-83.7851996545072 -105.30791624964
-53.1837254909221 -35.3431919755645
114.009050935859 -73.8790988184668
-96.4667105800914 85.0036242818775
