-208.740122995957 1.29905324641726
-21.2389132755581 -208.242754279035
-0.832328912885384 213.711774951047
-207.663230168869 -20.8383647878331
-3.19081435840467 -209.454738721223
-4.41057154133972 -210.830930714547
0.27491844224405 211.966465303979
0.244833246388496 215.016871540934
-220.55987412005 3.89388054405853
211.342429717842 0.178070068994502
-2.92068714064015 223.032462636368
1.39893564662293 -210.323268587414
1.39893564662293 -210.323268587414
-206.599168187648 -24.4721670162594
228.789503255148 -0.097629140593215
208.922954115524 -22.0800458649701
208.922954115524 -22.0800458649701
209.112565512696 -18.209142789359
211.342429717842 0.178070068994502
3.01603342269944 -229.680031715287
209.827978794938 -8.4172811209314
217.737165519904 0.0888250096921523
2.57200648941136 -224.454239498647
-230.991036750469 -4.50866594775995
-4.40868273343467 229.530665255033
-19.6888834716885 211.065353105376
-9.69833516201848 212.150896911025
2.4503032199252 -208.466508941331
211.168028376899 -9.58465103609103
-4.09166852154862 212.539679459494
-230.145907965049 -2.86651256988995
210.123757308482 -11.7193744345272
-13.2607540732543 212.413848936834
4.47860293280369 212.826307919221
208.294683099305 -7.35979850874511
-9.69833516201848 212.150896911025
-10.6555519156339 211.112449958715
210.27008447284 -15.4233927169977
-11.9372253264278 211.961485775549
-210.4402782375 -5.86281544116947
235.657989455674 -1.23416114013008
210.530357745754 -14.0280029916708
-14.8880358147007 -207.280615319796
-16.075013295673 212.745672125095
25.8311678234133 209.801241884961
3.43832748942014 210.874525492138
208.019459330989 -20.6428837423763
2.59098214184358 -204.940831847547
-19.6888834716885 211.065353105376
-206.773996763726 -25.8741638001027
-6.94036518101389 -232.636519455131
207.786404613383 -23.1831543029863
210.27008447284 -15.4233927169977
14.1571516783572 -210.119195061607
-206.599168187648 -24.4721670162594
-6.58252322136972 -207.275562183243
-210.4330404949 9.19841608149324
-4.09166852154862 212.539679459494
240.091438131845 10.4062627386837
10.5778292605654 -208.189728597729
-25.3108020773698 210.769730349097
209.86840243573 25.1966881245112
210.603513546497 -12.9166171545204
-205.396704545934 -28.041839588688
-206.773996763726 -25.8741638001027
-207.345588059856 -9.91818054225036
-207.337336422767 -12.1653990169534
-208.319839350487 -11.1932622836653
-208.961509651168 -7.70506450991035
-8.74428148047121 -206.407604113294
-206.295176563582 26.0561742113437
210.560182248274 -1.98089796391102
210.603513546497 -12.9166171545204
210.603513546497 -12.9166171545204
3.66379283571804 -209.9076130848
11.7151696219135 -209.813459187697
-207.663230168869 -20.8383647878331
-208.088187570813 -5.32234591416983
-9.1154613401364 -209.324746086504
-26.0798823445949 208.839313961408
-21.0813613920471 210.708394681723
-16.075013295673 212.745672125095
5.58685368687983 214.379854444452
209.112565512696 -18.209142789359
-211.473926102268 -3.40607771185067
-25.3976551259985 -207.341488046884
-26.853438200686 -207.141330771241
-5.33237402282893 242.880070601248
-24.0215518020722 -207.940958465187
-205.254012612098 27.4358829531805
208.917177413828 21.3043154774394
14.1583283162094 212.600525658545
-252.694367356813 -19.3818781762857
-19.6245184155462 255.61875154476
-251.497014383842 -27.9157213455481
-23.2588092606335 -253.30754958862
-252.407022743668 28.6545030770007
252.90757758742 32.7455239291776
17.9739009936966 -253.668601777448
254.719191967875 -5.72126451889184
252.657483484926 -24.649391708068
253.813917281303 -16.2529041271272
-252.694367356813 -19.3818781762857
-10.5321285603454 256.439578166609
35.1182818533943 253.279234914453
253.561875201754 -10.9016973561136
252.657483484926 -24.649391708068
17.9739009936966 -253.668601777448
7.62719237653956 -254.527133334019
-248.902965032118 -42.6207590652951
-23.2588092606335 -253.30754958862
29.5864406152186 255.45650590369
252.90757758742 32.7455239291776
25.691432968215 -252.582249950209
-251.497014383842 -27.9157213455481
251.195104060565 -32.3133294419972
252.657483484926 -24.649391708068
27.3156680983156 -253.294365298881
-251.497014383842 -27.9157213455481
-44.7593244069408 -249.593292640295
-31.8470633359756 -252.065609696274
-253.450456003314 12.6980408984613
35.1182818533943 253.279234914453
249.882610468331 -37.946668336544
-38.6383960880797 -250.880312712906
-23.2588092606335 -253.30754958862
254.117372001432 24.7368217382166
253.463291057818 -25.1493857397461
-252.694367356813 -19.3818781762857
-40.2231289013036 -251.495330989204
-252.102241661026 36.0368166849193
20.2710047783933 256.659677056064
-38.6383960880797 -250.880312712906
-34.6971737920771 -253.375743216196
-250.091571747583 42.8402848403944
-251.186808220468 37.3899801872039
-44.0662564707001 252.194445729912
-28.106659573938 255.096751898008
-31.3494562779689 255.370980962377
252.90757758742 32.7455239291776
27.3156680983156 -253.294365298881
-252.899014233536 35.2839213552484
-250.539842373417 45.9134992081604
-37.0053187700313 253.609741316936
39.6628704251372 254.1070634846
251.87914967788 -32.7773494227681
252.657483484926 -24.649391708068
25.691432968215 -252.582249950209
-38.6383960880797 -250.880312712906
-42.5686851911644 -252.015305300296
-252.407022743668 28.6545030770007
-252.899014233536 35.2839213552484
47.1858501040094 250.303012278076
35.99212787952 253.9978502907
29.5864406152186 255.45650590369
249.086949983015 51.3351694975676
249.086949983015 51.3351694975676
252.962833815595 -34.6806412541805
253.555379463306 -36.501573817898
254.683933009614 -15.0297123466339
25.691432968215 -252.582249950209
17.9739009936966 -253.668601777448
27.6034879671623 -254.123571219294
-249.397450549251 -44.5096245859224
-251.497014383842 -27.9157213455481
-45.5661537901589 -252.429644013786
-248.652868037579 48.4267115123346
-251.928689140623 47.7843085369236
-251.568810828047 29.0636029547712
47.1858501040094 250.303012278076
47.1858501040094 250.303012278076
20.2710047783933 256.659677056064
254.961375887048 25.4139752421794
254.882151900011 16.3072757316123
253.463291057818 -25.1493857397461
37.1238655296106 -252.748588243423
-252.694367356813 -19.3818781762857
-33.3751376878899 -252.700217388092
-33.3751376878899 -252.700217388092
-34.6971737920771 -253.375743216196
-248.652868037579 48.4267115123346
-252.899014233536 35.2839213552484
-42.4807122551982 251.621493878061
39.6628704251372 254.1070634846
29.5864406152186 255.45650590369
249.547671395197 53.6454825602206
254.117372001432 24.7368217382166
248.338503152109 -43.5185106447022
48.891851991752 -246.890035996324
44.0305099351176 -248.308592412643
27.3156680983156 -253.294365298881
-251.156929865975 -39.9668676380414
-251.644082434258 -42.4454542362623
-253.215103139042 -31.4142940108183
-252.238367780843 -28.0287452908833
-251.928689140623 47.7843085369236
-253.450456003314 12.6980408984613
-46.7750832618059 252.572450870167
-28.2090782865792 254.32216516258
29.5864406152186 255.45650590369
37.654292403406 255.131535930094
48.7710426880452 254.087594919634
251.288758347115 50.9129426577634
253.237675001361 46.1769056039835
253.237675001361 46.1769056039835
252.90757758742 32.7455239291776
250.182730089944 -41.1790426761145
251.854878351824 -45.8007136484903
252.962833815595 -34.6806412541805
251.87914967788 -32.7773494227681
254.321356623621 -25.2053510677806
253.463291057818 -25.1493857397461
42.5503321777955 -250.555634563868
39.2474796491655 -253.296501016131
27.3156680983156 -253.294365298881
-250.798804850532 -37.113009987906
-253.215103139042 -31.4142940108183
-252.123646949013 -44.7824963206854
-51.8654120223096 -248.764018133913
-48.3684580865972 -252.843409815291
-250.539842373417 45.9134992081604
-28.106659573938 255.096751898008
29.5864406152186 255.45650590369
20.9888765336259 255.775119727155
252.274044997928 41.3630114449206
252.962833815595 -34.6806412541805
251.87914967788 -32.7773494227681
253.463291057818 -25.1493857397461
254.321356623621 -25.2053510677806
48.891851991752 -246.890035996324
51.5300141507359 -251.980992333489
-252.238367780843 -28.0287452908833
-42.5686851911644 -252.015305300296
-48.3684580865972 -252.843409815291
-252.102241661026 36.0368166849193
-251.568810828047 29.0636029547712
-44.0662564707001 252.194445729912
-28.106659573938 255.096751898008
-31.3494562779689 255.370980962377
52.3433859899044 248.783118018533
20.9888765336259 255.775119727155
253.685634301441 32.8635464713907
252.324891805694 -48.2798407510497
39.7859755302609 -250.314659641078
37.3722496207599 -252.003303973722
27.6034879671623 -254.123571219294
-253.215103139042 -31.4142940108183
-253.215103139042 -31.4142940108183
-48.3684580865972 -252.843409815291
-252.102241661026 36.0368166849193
-252.102241661026 36.0368166849193
52.3433859899044 248.783118018533
46.8062696816102 253.663371273435
29.5864406152186 255.45650590369
48.7710426880452 254.087594919634
253.896971338472 47.4817785888163
250.682877605764 -59.9642643105397
45.8191588548938 -248.798620982504
37.1238655296106 -252.748588243423
17.9739009936966 -253.668601777448
27.3156680983156 -253.294365298881
-248.020482310691 -50.4021525137709
-60.069575509788 -251.388114654258
-54.2428806997664 -246.870420493103
-251.30348546214 46.1320385396065
-250.435788632121 60.0178698676901
-52.3998553471336 248.946147211032
-46.7750832618059 252.572450870167
-37.0053187700313 253.609741316936
-56.5014962065609 253.448566177705
37.654292403406 255.131535930094
252.098685135699 56.3161635388328
254.746418969871 35.8982345346041
254.882151900011 16.3072757316123
251.195104060565 -32.3133294419972
253.555379463306 -36.501573817898
253.463291057818 -25.1493857397461
253.463291057818 -25.1493857397461
252.962833815595 -34.6806412541805
254.683933009614 -15.0297123466339
39.2474796491655 -253.296501016131
27.6034879671623 -254.123571219294
27.6034879671623 -254.123571219294
-230.8284881247 -65.1528400531999
-250.798804850532 -37.113009987906
-72.1913199586376 -249.423510209094
-42.5686851911644 -252.015305300296
-245.982650583284 58.6954821605462
-250.539842373417 45.9134992081604
-52.3998553471336 248.946147211032
-31.3494562779689 255.370980962377
54.124580470846 249.24114340525
47.1858501040094 250.303012278076
37.654292403406 255.131535930094
250.92032836724 48.0990458372046
252.098685135699 56.3161635388328
252.216502423322 -35.1137569396654
251.235504466175 -44.6628444135844
250.182730089944 -41.1790426761145
251.87914967788 -32.7773494227681
252.324891805694 -48.2798407510497
253.555379463306 -36.501573817898
42.5503321777955 -250.555634563868
27.3156680983156 -253.294365298881
48.8529307335634 -251.575515516678
39.2474796491655 -253.296501016131
-245.081684463949 -55.2088708111935
-252.694367356813 -19.3818781762857
-46.4832909345723 -250.163857928561
-57.9562835824038 -245.546916191816
-245.982650583284 58.6954821605462
-248.652868037579 48.4267115123346
-249.351268531442 49.4063223834263
-245.982650583284 58.6954821605462
-47.9018665505199 250.269255299079
-28.106659573938 255.096751898008
52.3433859899044 248.783118018533
20.9888765336259 255.775119727155
252.90757758742 32.7455239291776
252.657483484926 -24.649391708068
229.886644298376 -66.3194789686418
75.2827750491499 -248.109710985874
48.8529307335634 -251.575515516678
25.691432968215 -252.582249950209
-249.761713098432 -47.1177638036142
-248.582586937261 -65.8063010129895
-250.109230735049 -50.1169005356374
-250.406872382902 -53.5246808683711
-253.215103139042 -31.4142940108183
-68.2964095178966 -249.356730505144
-72.1913199586376 -249.423510209094
-59.2159551722327 -247.655042086669
-246.781484522663 52.0803075625975
-56.5322595262605 251.291802418925
-57.7589945148525 249.635796700201
-44.0662564707001 252.194445729912
-53.5173720192161 253.106945861035
-31.3494562779689 255.370980962377
-10.5321285603454 256.439578166609
63.3278859928994 246.149295084883
48.7710426880452 254.087594919634
48.7710426880452 254.087594919634
37.654292403406 255.131535930094
48.7710426880452 254.087594919634
248.353437701839 81.9147382018106
248.353437701839 81.9147382018106
232.165624585043 67.9952413296303
251.235504466175 -44.6628444135844
250.384247383207 -56.7794067177601
252.657483484926 -24.649391708068
254.719191967875 -5.72126451889184
254.683933009614 -15.0297123466339
42.5503321777955 -250.555634563868
32.1058635673825 -251.201679150014
55.3263797790291 -245.936735908145
63.5444380123395 -250.267913361498
37.1238655296106 -252.748588243423
27.3156680983156 -253.294365298881
-246.344976888374 -51.78597935462
-250.798804850532 -37.113009987906
-250.406872382902 -53.5246808683711
-31.8470633359756 -252.065609696274
-24.7199932699574 -253.866490789294
-248.307109499875 68.7260290309781
-250.539842373417 45.9134992081604
-251.30348546214 46.1320385396065
-68.2345621679684 251.596011178375
-68.2345621679684 251.596011178375
-53.5173720192161 253.106945861035
-31.3494562779689 255.370980962377
35.99212787952 253.9978502907
59.5867589828212 252.614974991803
20.2710047783933 256.659677056064
250.178845212304 63.9895867217921
252.098685135699 56.3161635388328
251.235504466175 -44.6628444135844
250.384247383207 -56.7794067177601
252.657483484926 -24.649391708068
254.719191967875 -5.72126451889184
254.683933009614 -15.0297123466339
42.5503321777955 -250.555634563868
32.1058635673825 -251.201679150014
55.3263797790291 -245.936735908145
63.5444380123395 -250.267913361498
37.1238655296106 -252.748588243423
27.3156680983156 -253.294365298881
-246.344976888374 -51.78597935462
-250.798804850532 -37.113009987906
-250.406872382902 -53.5246808683711
-31.8470633359756 -252.065609696274
-24.7199932699574 -253.866490789294
-248.307109499875 68.7260290309781
-250.539842373417 45.9134992081604
-251.30348546214 46.1320385396065
-68.2345621679684 251.596011178375
-68.2345621679684 251.596011178375
-53.5173720192161 253.106945861035
-31.3494562779689 255.370980962377
35.99212787952 253.9978502907
59.5867589828212 252.614974991803
20.2710047783933 256.659677056064
250.178845212304 63.9895867217921
252.098685135699 56.3161635388328
